-9.6310	9082016.1702	-0.0010	-0.0806	0.0101	-0.2954
-9.6210	9082035.8298	-0.0009	-0.0805	0.0100	-0.2961
-9.6110	9082055.8298	-0.0009	-0.0798	0.0098	-0.2951
-9.6010	9082074.6489	-0.0010	-0.0803	0.0098	-0.2966
-9.5910	9082093.4894	-0.0009	-0.0797	0.0103	-0.2955
-9.5810	9082113.3298	-0.0010	-0.0801	0.0103	-0.2975
-9.5710	9082132.1596	-0.0009	-0.0798	0.0103	-0.2980
-9.5610	9082150.0000	-0.0011	-0.0803	0.0104	-0.2981
-9.5510	9082168.8298	-0.0008	-0.0789	0.0099	-0.2991
-9.5410	9082187.5000	-0.0009	-0.0794	0.0100	-0.2996
-9.5310	9082206.8404	-0.0009	-0.0793	0.0099	-0.2995
-9.5210	9082226.5000	-0.0009	-0.0791	0.0103	-0.2992
-9.5110	9082244.1702	-0.0010	-0.0783	0.0103	-0.2975
-9.5010	9082263.1702	-0.0010	-0.0788	0.0105	-0.3001
-9.4910	9082282.5000	-0.0009	-0.0788	0.0106	-0.3006
-9.4810	9082302.0000	-0.0010	-0.0789	0.0105	-0.3013
-9.4710	9082320.4894	-0.0010	-0.0785	0.0103	-0.3012
-9.4610	9082339.6702	-0.0010	-0.0784	0.0101	-0.3019
-9.4510	9082357.6702	-0.0011	-0.0779	0.0098	-0.3008
-9.4410	9082377.3404	-0.0011	-0.0780	0.0101	-0.3018
-9.4310	9082396.0000	-0.0011	-0.0779	0.0104	-0.3014
-9.4210	9082416.0000	-0.0012	-0.0776	0.0106	-0.3022
-9.4110	9082435.1702	-0.0010	-0.0778	0.0106	-0.3037
-9.4010	9082453.8404	-0.0011	-0.0777	0.0105	-0.3044
-9.3910	9082472.5000	-0.0012	-0.0772	0.0102	-0.3035
-9.3810	9082492.3298	-0.0012	-0.0775	0.0100	-0.3050
-9.3710	9082511.1702	-0.0011	-0.0774	0.0101	-0.3054
-9.3610	9082530.6702	-0.0010	-0.0770	0.0105	-0.3053
-9.3510	9082550.0000	-0.0014	-0.0769	0.0105	-0.3055
-9.3410	9082568.6702	-0.0012	-0.0767	0.0107	-0.3070
-9.3310	9082586.6596	-0.0011	-0.0766	0.0105	-0.3065
-9.3210	9082605.1702	-0.0012	-0.0762	0.0101	-0.3066
-9.3110	9082624.1702	-0.0012	-0.0766	0.0101	-0.3083
-9.3010	9082643.5000	-0.0013	-0.0763	0.0101	-0.3084
-9.2910	9082663.3404	-0.0013	-0.0763	0.0104	-0.3083
-9.2810	9082681.8298	-0.0012	-0.0761	0.0108	-0.3084
-9.2710	9082700.3404	-0.0014	-0.0757	0.0106	-0.3091
-9.2610	9082719.3404	-0.0013	-0.0757	0.0106	-0.3094
-9.2510	9082738.0000	-0.0013	-0.0755	0.0106	-0.3099
-9.2410	9082757.3404	-0.0013	-0.0754	0.0104	-0.3105
-9.2310	9082775.8404	-0.0013	-0.0751	0.0104	-0.3100
-9.2210	9082794.1702	-0.0014	-0.0752	0.0104	-0.3111
-9.2110	9082812.4894	-0.0013	-0.0750	0.0107	-0.3115
-9.2010	9082831.8298	-0.0015	-0.0749	0.0105	-0.3117
-9.1910	9082852.1596	-0.0013	-0.0747	0.0109	-0.3121
-9.1810	9082870.5000	-0.0013	-0.0743	0.0108	-0.3120
-9.1710	9082890.0000	-0.0013	-0.0742	0.0103	-0.3122
-9.1610	9082908.0000	-0.0014	-0.0739	0.0105	-0.3124
-9.1510	9082927.3298	-0.0013	-0.0737	0.0103	-0.3126
-9.1410	9082947.1702	-0.0014	-0.0739	0.0105	-0.3137
-9.1310	9082964.8298	-0.0015	-0.0739	0.0107	-0.3142
-9.1210	9082984.8298	-0.0014	-0.0731	0.0107	-0.3132
-9.1110	9083004.5000	-0.0014	-0.0738	0.0110	-0.3159
-9.1010	9083023.0000	-0.0014	-0.0734	0.0107	-0.3160
-9.0910	9083042.5106	-0.0015	-0.0734	0.0106	-0.3170
-9.0810	9083060.8404	-0.0014	-0.0732	0.0106	-0.3169
-9.0710	9083080.3191	-0.0015	-0.0731	0.0105	-0.3175
-9.0610	9083100.1702	-0.0016	-0.0727	0.0106	-0.3175
-9.0510	9083120.1702	-0.0016	-0.0729	0.0109	-0.3179
-9.0410	9083137.8404	-0.0016	-0.0724	0.0107	-0.3176
-9.0310	9083156.3404	-0.0016	-0.0723	0.0113	-0.3191
-9.0210	9083175.1702	-0.0017	-0.0723	0.0107	-0.3200
-9.0110	9083194.5000	-0.0016	-0.0722	0.0106	-0.3202
-9.0010	9083212.4894	-0.0017	-0.0720	0.0106	-0.3210
-8.9910	9083231.1702	-0.0016	-0.0718	0.0106	-0.3199
-8.9810	9083249.1702	-0.0018	-0.0715	0.0109	-0.3204
-8.9710	9083267.8298	-0.0018	-0.0712	0.0109	-0.3202
-8.9610	9083287.0000	-0.0018	-0.0711	0.0109	-0.3208
-8.9510	9083305.6596	-0.0018	-0.0710	0.0111	-0.3224
-8.9410	9083325.3298	-0.0017	-0.0709	0.0106	-0.3227
-8.9310	9083343.5000	-0.0018	-0.0708	0.0105	-0.3230
-8.9210	9083362.1702	-0.0016	-0.0709	0.0107	-0.3235
-8.9110	9083380.6702	-0.0016	-0.0705	0.0110	-0.3237
-8.9010	9083400.0000	-0.0018	-0.0704	0.0112	-0.3243
-8.8910	9083419.8298	-0.0019	-0.0701	0.0110	-0.3245
-8.8810	9083440.0000	-0.0019	-0.0700	0.0110	-0.3248
-8.8710	9083458.6596	-0.0019	-0.0697	0.0110	-0.3259
-8.8610	9083476.1702	-0.0018	-0.0700	0.0109	-0.3266
-8.8510	9083495.0000	-0.0017	-0.0695	0.0108	-0.3260
-8.8410	9083515.3298	-0.0017	-0.0696	0.0107	-0.3271
-8.8310	9083534.4894	-0.0018	-0.0695	0.0113	-0.3277
-8.8210	9083553.0000	-0.0018	-0.0694	0.0113	-0.3283
-8.8110	9083571.5106	-0.0018	-0.0693	0.0116	-0.3294
-8.8010	9083590.8298	-0.0018	-0.0691	0.0113	-0.3295
-8.7910	9083609.8298	-0.0018	-0.0690	0.0110	-0.3299
-8.7810	9083628.6596	-0.0019	-0.0687	0.0107	-0.3304
-8.7710	9083648.1702	-0.0019	-0.0683	0.0108	-0.3298
-8.7610	9083667.5106	-0.0019	-0.0681	0.0108	-0.3302
-8.7510	9083685.1702	-0.0019	-0.0682	0.0112	-0.3305
-8.7410	9083704.3404	-0.0019	-0.0680	0.0114	-0.3313
-8.7310	9083722.8298	-0.0021	-0.0679	0.0114	-0.3327
-8.7210	9083743.1702	-0.0021	-0.0678	0.0114	-0.3330
-8.7110	9083761.9787	-0.0019	-0.0675	0.0112	-0.3334
-8.7010	9083780.3404	-0.0020	-0.0671	0.0110	-0.3333
-8.6910	9083799.1702	-0.0020	-0.0671	0.0109	-0.3334
-8.6810	9083817.8298	-0.0021	-0.0670	0.0110	-0.3337
-8.6710	9083836.4894	-0.0022	-0.0666	0.0113	-0.3342
-8.6610	9083856.0000	-0.0023	-0.0664	0.0113	-0.3351
-8.6510	9083874.3191	-0.0022	-0.0663	0.0116	-0.3357
-8.6410	9083893.3404	-0.0022	-0.0661	0.0111	-0.3361
-8.6310	9083912.3404	-0.0021	-0.0661	0.0110	-0.3365
-8.6210	9083931.8298	-0.0021	-0.0660	0.0109	-0.3365
-8.6110	9083949.3404	-0.0022	-0.0658	0.0110	-0.3368
-8.6010	9083968.8298	-0.0021	-0.0659	0.0112	-0.3375
-8.5910	9083987.6596	-0.0022	-0.0655	0.0111	-0.3379
-8.5810	9084006.5106	-0.0022	-0.0653	0.0115	-0.3380
-8.5710	9084025.3404	-0.0022	-0.0650	0.0113	-0.3385
-8.5610	9084045.3404	-0.0021	-0.0651	0.0115	-0.3393
-8.5510	9084064.4894	-0.0022	-0.0646	0.0112	-0.3402
-8.5410	9084083.6596	-0.0022	-0.0647	0.0111	-0.3406
-8.5310	9084102.5106	-0.0021	-0.0646	0.0115	-0.3402
-8.5210	9084121.8511	-0.0024	-0.0643	0.0114	-0.3415
-8.5110	9084140.1702	-0.0023	-0.0640	0.0115	-0.3420
-8.5010	9084159.6596	-0.0022	-0.0641	0.0115	-0.3429
-8.4910	9084178.1702	-0.0023	-0.0638	0.0115	-0.3429
-8.4810	9084196.8298	-0.0022	-0.0637	0.0114	-0.3444
-8.4710	9084216.4894	-0.0023	-0.0635	0.0112	-0.3433
-8.4610	9084235.4894	-0.0023	-0.0634	0.0109	-0.3440
-8.4510	9084253.6596	-0.0023	-0.0631	0.0111	-0.3437
-8.4410	9084272.6596	-0.0023	-0.0632	0.0115	-0.3445
-8.4310	9084292.0000	-0.0023	-0.0626	0.0117	-0.3444
-8.4210	9084310.8511	-0.0024	-0.0626	0.0116	-0.3455
-8.4110	9084329.6596	-0.0025	-0.0623	0.0113	-0.3467
-8.4010	9084349.0000	-0.0024	-0.0622	0.0118	-0.3473
-8.3910	9084367.1702	-0.0025	-0.0621	0.0112	-0.3468
-8.3810	9084385.6596	-0.0025	-0.0618	0.0113	-0.3475
-8.3710	9084405.1702	-0.0025	-0.0614	0.0117	-0.3479
-8.3610	9084424.5106	-0.0025	-0.0616	0.0117	-0.3485
-8.3510	9084443.0000	-0.0025	-0.0614	0.0119	-0.3490
-8.3410	9084461.9787	-0.0027	-0.0605	0.0115	-0.3490
-8.3310	9084480.3404	-0.0026	-0.0605	0.0114	-0.3497
-8.3210	9084500.1702	-0.0025	-0.0606	0.0115	-0.3502
-8.3110	9084518.4894	-0.0026	-0.0604	0.0112	-0.3513
-8.3010	9084537.0000	-0.0026	-0.0603	0.0117	-0.3510
-8.2910	9084556.0000	-0.0027	-0.0599	0.0119	-0.3512
-8.2810	9084575.0000	-0.0027	-0.0598	0.0121	-0.3522
-8.2710	9084595.0000	-0.0026	-0.0600	0.0116	-0.3535
-8.2610	9084613.4894	-0.0026	-0.0597	0.0117	-0.3532
-8.2510	9084632.8298	-0.0027	-0.0593	0.0116	-0.3537
-8.2410	9084651.0000	-0.0026	-0.0594	0.0116	-0.3552
-8.2310	9084671.0000	-0.0027	-0.0593	0.0118	-0.3558
-8.2210	9084688.8298	-0.0028	-0.0589	0.0114	-0.3557
-8.2110	9084707.6596	-0.0028	-0.0587	0.0119	-0.3562
-8.2010	9084726.1702	-0.0029	-0.0581	0.0117	-0.3555
-8.1910	9084744.3404	-0.0028	-0.0581	0.0121	-0.3572
-8.1810	9084764.1489	-0.0028	-0.0584	0.0116	-0.3584
-8.1710	9084783.6596	-0.0029	-0.0578	0.0116	-0.3586
-8.1610	9084801.4894	-0.0028	-0.0575	0.0118	-0.3584
-8.1510	9084821.3404	-0.0030	-0.0572	0.0117	-0.3592
-8.1410	9084838.8298	-0.0029	-0.0571	0.0117	-0.3596
-8.1310	9084859.0000	-0.0031	-0.0568	0.0118	-0.3609
-8.1210	9084877.8298	-0.0030	-0.0564	0.0120	-0.3606
-8.1110	9084897.6596	-0.0030	-0.0563	0.0118	-0.3612
-8.1010	9084916.1702	-0.0028	-0.0565	0.0118	-0.3615
-8.0910	9084934.4894	-0.0031	-0.0554	0.0112	-0.3617
-8.0810	9084954.1489	-0.0029	-0.0561	0.0117	-0.3612
-8.0710	9084973.0000	-0.0029	-0.0555	0.0117	-0.3619
-8.0610	9084992.1702	-0.0031	-0.0552	0.0120	-0.3624
-8.0510	9085010.8298	-0.0029	-0.0559	0.0124	-0.3642
-8.0410	9085029.3191	-0.0032	-0.0546	0.0121	-0.3637
-8.0310	9085049.5106	-0.0030	-0.0553	0.0118	-0.3649
-8.0210	9085068.3404	-0.0030	-0.0552	0.0119	-0.3652
-8.0110	9085086.1702	-0.0031	-0.0548	0.0116	-0.3671
-8.0010	9085105.5106	-0.0031	-0.0545	0.0120	-0.3671
-7.9910	9085123.6596	-0.0032	-0.0538	0.0119	-0.3661
-7.9810	9085143.8298	-0.0032	-0.0536	0.0122	-0.3662
-7.9710	9085161.5106	-0.0032	-0.0539	0.0123	-0.3674
-7.9610	9085180.0000	-0.0033	-0.0529	0.0121	-0.3676
-7.9510	9085198.5106	-0.0032	-0.0532	0.0119	-0.3691
-7.9410	9085218.3404	-0.0033	-0.0535	0.0117	-0.3707
-7.9310	9085237.8298	-0.0032	-0.0528	0.0119	-0.3701
-7.9210	9085255.1702	-0.0033	-0.0526	0.0123	-0.3700
-7.9110	9085274.1702	-0.0033	-0.0525	0.0123	-0.3708
-7.9010	9085293.6596	-0.0034	-0.0523	0.0120	-0.3716
-7.8910	9085312.6596	-0.0034	-0.0518	0.0120	-0.3716
-7.8810	9085331.6596	-0.0033	-0.0516	0.0121	-0.3724
-7.8710	9085350.5106	-0.0033	-0.0516	0.0121	-0.3744
-7.8610	9085369.6809	-0.0034	-0.0513	0.0116	-0.3741
-7.8510	9085388.6596	-0.0034	-0.0513	0.0120	-0.3746
-7.8410	9085407.6809	-0.0033	-0.0511	0.0123	-0.3750
-7.8310	9085425.6596	-0.0036	-0.0504	0.0123	-0.3751
-7.8210	9085445.0000	-0.0035	-0.0502	0.0123	-0.3747
-7.8110	9085463.5106	-0.0036	-0.0498	0.0122	-0.3752
-7.8010	9085482.8298	-0.0035	-0.0498	0.0120	-0.3769
-7.7910	9085501.1702	-0.0035	-0.0494	0.0120	-0.3762
-7.7810	9085520.8511	-0.0035	-0.0495	0.0118	-0.3768
-7.7710	9085539.0106	-0.0036	-0.0491	0.0122	-0.3780
-7.7610	9085559.3085	-0.0036	-0.0490	0.0125	-0.3788
-7.7510	9085576.6809	-0.0037	-0.0489	0.0124	-0.3816
-7.7410	9085595.6809	-0.0037	-0.0486	0.0125	-0.3820
-7.7310	9085614.6596	-0.0036	-0.0482	0.0124	-0.3800
-7.7210	9085633.8298	-0.0037	-0.0479	0.0122	-0.3815
-7.7110	9085652.8298	-0.0037	-0.0474	0.0120	-0.3809
-7.7010	9085672.5213	-0.0037	-0.0474	0.0120	-0.3817
-7.6910	9085690.3404	-0.0037	-0.0473	0.0123	-0.3829
-7.6810	9085709.5106	-0.0038	-0.0472	0.0123	-0.3826
-7.6710	9085728.6489	-0.0039	-0.0461	0.0127	-0.3825
-7.6610	9085747.3511	-0.0039	-0.0463	0.0124	-0.3851
-7.6510	9085766.8298	-0.0039	-0.0452	0.0123	-0.3863
-7.6410	9085785.4787	-0.0038	-0.0458	0.0121	-0.3851
-7.6310	9085804.5213	-0.0039	-0.0451	0.0122	-0.3854
-7.6210	9085822.0000	-0.0041	-0.0441	0.0125	-0.3876
-7.6110	9085841.5106	-0.0040	-0.0451	0.0125	-0.3883
-7.6010	9085860.4787	-0.0041	-0.0442	0.0127	-0.3886
-7.5910	9085879.3404	-0.0041	-0.0440	0.0128	-0.3891
-7.5810	9085898.1702	-0.0043	-0.0424	0.0127	-0.3903
-7.5710	9085916.4894	-0.0043	-0.0426	0.0125	-0.3911
-7.5610	9085936.4894	-0.0040	-0.0433	0.0124	-0.3901
-7.5510	9085955.3511	-0.0040	-0.0428	0.0123	-0.3887
-7.5410	9085974.0000	-0.0043	-0.0420	0.0125	-0.3901
-7.5310	9085992.8298	-0.0042	-0.0432	0.0128	-0.3914
-7.5210	9086011.1702	-0.0043	-0.0423	0.0129	-0.3932
-7.5110	9086030.0000	-0.0045	-0.0400	0.0127	-0.3930
-7.5010	9086049.3404	-0.0042	-0.0426	0.0123	-0.3946
-7.4910	9086069.1702	-0.0043	-0.0409	0.0127	-0.3946
-7.4810	9086087.5106	-0.0044	-0.0407	0.0124	-0.3961
-7.4710	9086106.1489	-0.0042	-0.0411	0.0127	-0.3961
-7.4610	9086124.4787	-0.0044	-0.0402	0.0126	-0.3955
-7.4510	9086142.6489	-0.0045	-0.0397	0.0130	-0.3958
-7.4410	9086163.1702	-0.0045	-0.0398	0.0130	-0.3968
-7.4310	9086181.8191	-0.0044	-0.0402	0.0128	-0.3974
-7.4210	9086201.4787	-0.0046	-0.0383	0.0126	-0.3978
-7.4110	9086219.8298	-0.0044	-0.0398	0.0126	-0.3996
-7.4010	9086239.0000	-0.0043	-0.0401	0.0124	-0.4002
-7.3910	9086259.4894	-0.0044	-0.0393	0.0124	-0.4003
-7.3810	9086277.3404	-0.0044	-0.0390	0.0130	-0.4005
-7.3710	9086296.3511	-0.0045	-0.0392	0.0130	-0.4009
-7.3610	9086314.3404	-0.0045	-0.0387	0.0129	-0.4010
-7.3510	9086333.1809	-0.0044	-0.0382	0.0130	-0.4011
-7.3410	9086352.3191	-0.0045	-0.0379	0.0127	-0.4022
-7.3310	9086372.1702	-0.0045	-0.0377	0.0126	-0.4033
-7.3210	9086390.9894	-0.0046	-0.0375	0.0126	-0.4046
-7.3110	9086408.8298	-0.0045	-0.0374	0.0128	-0.4033
-7.3010	9086428.8298	-0.0047	-0.0369	0.0131	-0.4047
-7.2910	9086447.0000	-0.0047	-0.0365	0.0130	-0.4068
-7.2810	9086465.6596	-0.0047	-0.0362	0.0131	-0.4058
-7.2710	9086484.6489	-0.0047	-0.0359	0.0129	-0.4073
-7.2610	9086503.8191	-0.0046	-0.0357	0.0127	-0.4073
-7.2510	9086523.5213	-0.0047	-0.0355	0.0132	-0.4095
-7.2410	9086542.3085	-0.0048	-0.0352	0.0129	-0.4110
-7.2310	9086560.8298	-0.0048	-0.0349	0.0128	-0.4105
-7.2210	9086579.6489	-0.0049	-0.0344	0.0134	-0.4108
-7.2110	9086598.6489	-0.0050	-0.0345	0.0130	-0.4122
-7.2010	9086617.6489	-0.0049	-0.0338	0.0131	-0.4125
-7.1910	9086635.8191	-0.0048	-0.0330	0.0130	-0.4130
-7.1810	9086654.6489	-0.0049	-0.0329	0.0131	-0.4119
-7.1710	9086673.3085	-0.0049	-0.0332	0.0128	-0.4128
-7.1610	9086691.3404	-0.0049	-0.0325	0.0131	-0.4138
-7.1510	9086710.5106	-0.0050	-0.0328	0.0130	-0.4151
-7.1410	9086729.1702	-0.0051	-0.0320	0.0133	-0.4162
-7.1310	9086747.9894	-0.0051	-0.0318	0.0135	-0.4171
-7.1210	9086767.6596	-0.0052	-0.0310	0.0132	-0.4174
-7.1110	9086787.1809	-0.0051	-0.0316	0.0132	-0.4196
-7.1010	9086805.6596	-0.0051	-0.0311	0.0129	-0.4200
-7.0910	9086824.3404	-0.0051	-0.0311	0.0131	-0.4215
-7.0810	9086843.3404	-0.0052	-0.0307	0.0130	-0.4216
-7.0710	9086862.8298	-0.0052	-0.0304	0.0136	-0.4215
-7.0610	9086881.6809	-0.0054	-0.0303	0.0134	-0.4231
-7.0510	9086900.6915	-0.0052	-0.0296	0.0134	-0.4231
-7.0410	9086918.8617	-0.0053	-0.0293	0.0132	-0.4238
-7.0310	9086938.4894	-0.0053	-0.0291	0.0128	-0.4235
-7.0210	9086957.0106	-0.0053	-0.0278	0.0130	-0.4206
-7.0110	9086976.1702	-0.0052	-0.0286	0.0130	-0.4250
-7.0010	9086996.3404	-0.0055	-0.0280	0.0131	-0.4247
-6.9910	9087014.9894	-0.0055	-0.0277	0.0138	-0.4257
-6.9810	9087033.4787	-0.0055	-0.0273	0.0137	-0.4268
-6.9710	9087051.5213	-0.0054	-0.0273	0.0134	-0.4252
-6.9610	9087070.6596	-0.0054	-0.0271	0.0135	-0.4273
-6.9510	9087090.3404	-0.0054	-0.0260	0.0131	-0.4266
-6.9410	9087109.4787	-0.0055	-0.0264	0.0130	-0.4294
-6.9310	9087128.3191	-0.0055	-0.0256	0.0132	-0.4284
-6.9210	9087146.3511	-0.0056	-0.0260	0.0137	-0.4309
-6.9110	9087166.3404	-0.0057	-0.0249	0.0135	-0.4294
-6.9010	9087185.0000	-0.0057	-0.0248	0.0135	-0.4307
-6.8910	9087203.8298	-0.0057	-0.0247	0.0137	-0.4306
-6.8810	9087223.9787	-0.0056	-0.0241	0.0135	-0.4320
-6.8710	9087242.3191	-0.0056	-0.0245	0.0133	-0.4335
-6.8610	9087261.0000	-0.0057	-0.0240	0.0130	-0.4348
-6.8510	9087279.5106	-0.0058	-0.0231	0.0135	-0.4346
-6.8410	9087297.8298	-0.0059	-0.0231	0.0134	-0.4355
-6.8310	9087316.8298	-0.0058	-0.0230	0.0141	-0.4365
-6.8210	9087336.1809	-0.0059	-0.0218	0.0136	-0.4368
-6.8110	9087354.6915	-0.0059	-0.0222	0.0132	-0.4388
-6.8010	9087373.6596	-0.0058	-0.0219	0.0131	-0.4382
-6.7910	9087393.1809	-0.0059	-0.0209	0.0136	-0.4387
-6.7810	9087413.1702	-0.0060	-0.0211	0.0134	-0.4394
-6.7710	9087431.4787	-0.0060	-0.0205	0.0134	-0.4376
-6.7610	9087450.1702	-0.0062	-0.0199	0.0138	-0.4398
-6.7510	9087468.8298	-0.0061	-0.0195	0.0136	-0.4413
-6.7410	9087487.4894	-0.0061	-0.0193	0.0134	-0.4433
-6.7310	9087507.1383	-0.0062	-0.0189	0.0133	-0.4440
-6.7210	9087526.0000	-0.0061	-0.0188	0.0136	-0.4432
-6.7110	9087545.1702	-0.0062	-0.0178	0.0135	-0.4442
-6.7010	9087564.5106	-0.0061	-0.0179	0.0136	-0.4456
-6.6910	9087583.0000	-0.0063	-0.0178	0.0136	-0.4443
-6.6810	9087601.8298	-0.0063	-0.0169	0.0143	-0.4459
-6.6710	9087619.6596	-0.0064	-0.0165	0.0139	-0.4460
-6.6610	9087639.1489	-0.0063	-0.0164	0.0137	-0.4480
-6.6510	9087658.1702	-0.0063	-0.0158	0.0135	-0.4479
-6.6410	9087677.1702	-0.0063	-0.0154	0.0134	-0.4488
-6.6310	9087695.5106	-0.0064	-0.0153	0.0136	-0.4502
-6.6210	9087714.1702	-0.0066	-0.0147	0.0142	-0.4498
-6.6110	9087732.8511	-0.0066	-0.0144	0.0138	-0.4507
-6.6010	9087752.1915	-0.0066	-0.0141	0.0140	-0.4513
-6.5910	9087771.6383	-0.0066	-0.0136	0.0137	-0.4528
-6.5810	9087790.5319	-0.0066	-0.0131	0.0139	-0.4533
-6.5710	9087808.6596	-0.0066	-0.0130	0.0136	-0.4545
-6.5610	9087828.8298	-0.0066	-0.0125	0.0133	-0.4551
-6.5510	9087848.1702	-0.0067	-0.0122	0.0141	-0.4556
-6.5410	9087866.0000	-0.0068	-0.0117	0.0141	-0.4555
-6.5310	9087885.4681	-0.0068	-0.0115	0.0141	-0.4559
-6.5210	9087904.0000	-0.0068	-0.0114	0.0142	-0.4570
-6.5110	9087922.6596	-0.0068	-0.0103	0.0138	-0.4579
-6.5010	9087941.2979	-0.0068	-0.0099	0.0139	-0.4588
-6.4910	9087960.1702	-0.0069	-0.0098	0.0137	-0.4586
-6.4810	9087979.3404	-0.0069	-0.0095	0.0142	-0.4598
-6.4710	9087998.5106	-0.0069	-0.0089	0.0142	-0.4598
-6.4610	9088017.0000	-0.0071	-0.0087	0.0146	-0.4604
-6.4510	9088036.1702	-0.0071	-0.0078	0.0145	-0.4610
-6.4410	9088054.8298	-0.0072	-0.0071	0.0141	-0.4635
-6.4310	9088073.8298	-0.0071	-0.0071	0.0141	-0.4641
-6.4210	9088092.4681	-0.0070	-0.0069	0.0138	-0.4641
-6.4110	9088111.3617	-0.0072	-0.0061	0.0140	-0.4645
-6.4010	9088131.4681	-0.0071	-0.0063	0.0141	-0.4648
-6.3910	9088149.8298	-0.0073	-0.0061	0.0143	-0.4674
-6.3810	9088169.3191	-0.0073	-0.0049	0.0142	-0.4657
-6.3710	9088188.3191	-0.0074	-0.0047	0.0145	-0.4680
-6.3610	9088207.8085	-0.0073	-0.0041	0.0140	-0.4694
-6.3510	9088225.8723	-0.0073	-0.0038	0.0139	-0.4707
-6.3410	9088244.4894	-0.0073	-0.0032	0.0135	-0.4694
-6.3310	9088262.3404	-0.0073	-0.0031	0.0140	-0.4701
-6.3210	9088282.1702	-0.0075	-0.0019	0.0141	-0.4705
-6.3110	9088301.1702	-0.0077	-0.0023	0.0147	-0.4712
-6.3010	9088320.6383	-0.0077	-0.0014	0.0146	-0.4734
-6.2910	9088339.4894	-0.0076	-0.0014	0.0144	-0.4733
-6.2810	9088358.1489	-0.0077	-0.0001	0.0145	-0.4762
-6.2710	9088376.4681	-0.0076	-0.0002	0.0141	-0.4748
-6.2610	9088396.1702	-0.0075	0.0006	0.0139	-0.4768
-6.2510	9088416.3404	-0.0077	0.0005	0.0142	-0.4769
-6.2410	9088434.8298	-0.0077	0.0010	0.0143	-0.4773
-6.2310	9088453.5319	-0.0079	0.0019	0.0144	-0.4774
-6.2210	9088471.3404	-0.0079	0.0019	0.0148	-0.4776
-6.2110	9088490.4894	-0.0079	0.0025	0.0144	-0.4785
-6.2010	9088509.1702	-0.0080	0.0038	0.0144	-0.4801
-6.1910	9088528.1702	-0.0080	0.0038	0.0141	-0.4814
-6.1810	9088547.5106	-0.0079	0.0040	0.0141	-0.4812
-6.1710	9088566.8085	-0.0080	0.0045	0.0145	-0.4820
-6.1610	9088584.6383	-0.0082	0.0051	0.0142	-0.4827
-6.1510	9088602.8298	-0.0082	0.0056	0.0148	-0.4830
-6.1410	9088622.0000	-0.0082	0.0058	0.0152	-0.4835
-6.1310	9088641.0213	-0.0083	0.0070	0.0144	-0.4839
-6.1210	9088660.8298	-0.0082	0.0076	0.0143	-0.4856
-6.1110	9088679.2979	-0.0082	0.0082	0.0139	-0.4859
-6.1010	9088697.5319	-0.0084	0.0085	0.0143	-0.4871
-6.0910	9088717.6383	-0.0084	0.0086	0.0146	-0.4881
-6.0810	9088736.1277	-0.0085	0.0094	0.0144	-0.4891
-6.0710	9088754.3404	-0.0087	0.0102	0.0152	-0.4897
-6.0610	9088774.0000	-0.0087	0.0109	0.0145	-0.4917
-6.0510	9088792.0213	-0.0086	0.0110	0.0143	-0.4918
-6.0410	9088810.8085	-0.0086	0.0123	0.0145	-0.4920
-6.0310	9088829.8298	-0.0084	0.0115	0.0140	-0.4933
-6.0210	9088849.8298	-0.0087	0.0126	0.0147	-0.4941
-6.0110	9088869.6809	-0.0086	0.0126	0.0140	-0.4959
-6.0010	9088888.0000	-0.0089	0.0132	0.0151	-0.4967
-5.9910	9088907.1702	-0.0089	0.0136	0.0144	-0.4962
-5.9810	9088925.0000	-0.0089	0.0144	0.0151	-0.4965
-5.9710	9088944.8298	-0.0088	0.0146	0.0145	-0.4984
-5.9610	9088963.8298	-0.0089	0.0159	0.0141	-0.4984
-5.9510	9088983.8085	-0.0089	0.0153	0.0145	-0.4999
-5.9410	9089002.5106	-0.0090	0.0163	0.0146	-0.4996
-5.9310	9089021.1702	-0.0090	0.0165	0.0146	-0.5022
-5.9210	9089040.0000	-0.0094	0.0176	0.0159	-0.5030
-5.9110	9089058.5319	-0.0091	0.0175	0.0147	-0.5051
-5.9010	9089077.1277	-0.0092	0.0186	0.0146	-0.5048
-5.8910	9089095.8298	-0.0091	0.0186	0.0145	-0.5060
-5.8810	9089115.0000	-0.0092	0.0195	0.0145	-0.5071
-5.8710	9089133.9787	-0.0092	0.0197	0.0147	-0.5051
-5.8610	9089151.8298	-0.0093	0.0204	0.0146	-0.5083
-5.8510	9089171.6596	-0.0094	0.0204	0.0149	-0.5078
-5.8410	9089191.1064	-0.0095	0.0213	0.0147	-0.5089
-5.8310	9089210.1170	-0.0096	0.0220	0.0152	-0.5101
-5.8210	9089229.0000	-0.0095	0.0231	0.0150	-0.5119
-5.8110	9089248.1702	-0.0096	0.0234	0.0150	-0.5139
-5.8010	9089267.0000	-0.0093	0.0237	0.0142	-0.5107
-5.7910	9089286.5319	-0.0095	0.0241	0.0144	-0.5122
-5.7810	9089305.5106	-0.0098	0.0244	0.0150	-0.5153
-5.7710	9089324.0000	-0.0097	0.0251	0.0151	-0.5134
-5.7610	9089343.1702	-0.0098	0.0257	0.0152	-0.5152
-5.7510	9089363.0000	-0.0098	0.0268	0.0150	-0.5169
-5.7410	9089382.4574	-0.0097	0.0266	0.0147	-0.5173
-5.7310	9089400.5106	-0.0099	0.0282	0.0147	-0.5180
-5.7210	9089419.4894	-0.0099	0.0281	0.0148	-0.5179
-5.7110	9089437.8298	-0.0099	0.0291	0.0146	-0.5194
-5.7010	9089457.3191	-0.0101	0.0293	0.0156	-0.5222
-5.6910	9089476.3404	-0.0101	0.0299	0.0148	-0.5207
-5.6810	9089495.0000	-0.0102	0.0305	0.0155	-0.5209
-5.6710	9089514.0319	-0.0102	0.0315	0.0146	-0.5231
-5.6610	9089533.6596	-0.0102	0.0325	0.0149	-0.5252
-5.6510	9089552.0000	-0.0102	0.0325	0.0146	-0.5266
-5.6410	9089570.2021	-0.0102	0.0331	0.0146	-0.5247
-5.6310	9089588.1702	-0.0105	0.0335	0.0153	-0.5279
-5.6210	9089608.0000	-0.0106	0.0343	0.0157	-0.5289
-5.6110	9089627.6277	-0.0107	0.0350	0.0153	-0.5298
-5.6010	9089645.3723	-0.0105	0.0357	0.0150	-0.5300
-5.5910	9089665.1702	-0.0106	0.0359	0.0153	-0.5306
-5.5810	9089683.4574	-0.0105	0.0368	0.0147	-0.5312
-5.5710	9089701.8298	-0.0106	0.0376	0.0145	-0.5326
-5.5610	9089720.3404	-0.0106	0.0386	0.0144	-0.5338
-5.5510	9089739.2872	-0.0108	0.0386	0.0150	-0.5330
-5.5410	9089757.4894	-0.0109	0.0390	0.0153	-0.5340
-5.5310	9089778.1702	-0.0111	0.0410	0.0156	-0.5370
-5.5210	9089797.1702	-0.0110	0.0417	0.0153	-0.5383
-5.5110	9089814.5426	-0.0109	0.0417	0.0151	-0.5375
-5.5010	9089833.5106	-0.0109	0.0420	0.0144	-0.5372
-5.4910	9089852.4574	-0.0110	0.0431	0.0146	-0.5396
-5.4810	9089872.0000	-0.0111	0.0439	0.0150	-0.5399
-5.4710	9089890.6596	-0.0114	0.0448	0.0153	-0.5425
-5.4610	9089909.5106	-0.0115	0.0451	0.0156	-0.5424
-5.4510	9089927.7979	-0.0116	0.0468	0.0154	-0.5438
-5.4410	9089947.0000	-0.0114	0.0466	0.0149	-0.5439
-5.4310	9089966.3404	-0.0115	0.0473	0.0152	-0.5451
-5.4210	9089985.0532	-0.0114	0.0482	0.0151	-0.5485
-5.4110	9090004.1170	-0.0115	0.0488	0.0146	-0.5468
-5.4010	9090023.8298	-0.0116	0.0491	0.0153	-0.5501
-5.3910	9090042.0000	-0.0118	0.0503	0.0151	-0.5499
-5.3810	9090060.7979	-0.0119	0.0509	0.0154	-0.5496
-5.3710	9090079.3404	-0.0119	0.0523	0.0158	-0.5511
-5.3610	9090099.5106	-0.0119	0.0524	0.0153	-0.5528
-5.3510	9090117.8298	-0.0117	0.0526	0.0148	-0.5536
-5.3410	9090136.5426	-0.0120	0.0538	0.0149	-0.5546
-5.3310	9090154.6596	-0.0119	0.0539	0.0147	-0.5563
-5.3210	9090174.0000	-0.0122	0.0545	0.0156	-0.5548
-5.3110	9090192.3404	-0.0122	0.0555	0.0155	-0.5576
-5.3010	9090210.8830	-0.0123	0.0564	0.0159	-0.5563
-5.2910	9090230.6596	-0.0123	0.0566	0.0154	-0.5573
-5.2810	9090248.8830	-0.0123	0.0573	0.0150	-0.5610
-5.2710	9090267.6596	-0.0121	0.0585	0.0147	-0.5603
-5.2610	9090286.4894	-0.0122	0.0585	0.0150	-0.5614
-5.2510	9090306.3404	-0.0124	0.0596	0.0149	-0.5624
-5.2410	9090325.1702	-0.0125	0.0602	0.0156	-0.5650
-5.2310	9090344.6596	-0.0127	0.0609	0.0156	-0.5661
-5.2210	9090362.6277	-0.0127	0.0618	0.0154	-0.5653
-5.2110	9090380.9681	-0.0127	0.0624	0.0155	-0.5634
-5.2010	9090400.6596	-0.0126	0.0633	0.0151	-0.5658
-5.1910	9090419.3191	-0.0126	0.0642	0.0146	-0.5688
-5.1810	9090438.2872	-0.0126	0.0641	0.0156	-0.5681
-5.1710	9090457.0319	-0.0128	0.0650	0.0151	-0.5695
-5.1610	9090475.3404	-0.0131	0.0665	0.0156	-0.5712
-5.1510	9090494.6596	-0.0131	0.0666	0.0158	-0.5727
-5.1410	9090513.7979	-0.0130	0.0678	0.0155	-0.5740
-5.1310	9090533.0000	-0.0131	0.0691	0.0149	-0.5755
-5.1210	9090552.2021	-0.0129	0.0694	0.0147	-0.5750
-5.1110	9090571.6596	-0.0130	0.0705	0.0148	-0.5760
-5.1010	9090589.8298	-0.0131	0.0712	0.0146	-0.5768
-5.0910	9090608.9681	-0.0134	0.0712	0.0155	-0.5774
-5.0810	9090627.5426	-0.0135	0.0726	0.0157	-0.5788
-5.0710	9090647.0000	-0.0136	0.0730	0.0157	-0.5787
-5.0610	9090665.8298	-0.0137	0.0744	0.0160	-0.5812
-5.0510	9090685.6596	-0.0136	0.0753	0.0152	-0.5828
-5.0410	9090703.6596	-0.0133	0.0760	0.0146	-0.5814
-5.0310	9090722.7021	-0.0136	0.0771	0.0146	-0.5837
-5.0210	9090742.8298	-0.0139	0.0781	0.0156	-0.5853
-5.0110	9090761.5426	-0.0141	0.0788	0.0158	-0.5865
-5.0010	9090779.1702	-0.0140	0.0794	0.0154	-0.5876
-4.9910	9090798.6596	-0.0140	0.0798	0.0154	-0.5885
-4.9810	9090817.6277	-0.0143	0.0814	0.0156	-0.5892
-4.9710	9090836.3404	-0.0141	0.0826	0.0154	-0.5908
-4.9610	9090855.1702	-0.0140	0.0832	0.0151	-0.5916
-4.9510	9090873.4894	-0.0142	0.0833	0.0150	-0.5914
-4.9410	9090892.3404	-0.0144	0.0856	0.0152	-0.5937
-4.9310	9090912.5426	-0.0146	0.0859	0.0159	-0.5947
-4.9210	9090931.0000	-0.0146	0.0874	0.0154	-0.5968
-4.9110	9090949.9681	-0.0146	0.0878	0.0154	-0.5976
-4.9010	9090968.8298	-0.0147	0.0893	0.0156	-0.5989
-4.8910	9090987.8298	-0.0145	0.0894	0.0146	-0.5992
-4.8810	9091006.3404	-0.0146	0.0900	0.0153	-0.5999
-4.8710	9091024.3404	-0.0147	0.0908	0.0152	-0.6007
-4.8610	9091043.0319	-0.0150	0.0928	0.0154	-0.6011
-4.8510	9091062.9468	-0.0151	0.0936	0.0155	-0.6028
-4.8410	9091081.7979	-0.0153	0.0947	0.0158	-0.6036
-4.8310	9091101.1702	-0.0151	0.0952	0.0149	-0.6038
-4.8210	9091120.4574	-0.0151	0.0974	0.0153	-0.6058
-4.8110	9091139.6596	-0.0149	0.0963	0.0151	-0.6060
-4.8010	9091157.8298	-0.0152	0.0988	0.0147	-0.6078
-4.7910	9091177.2766	-0.0154	0.0996	0.0150	-0.6106
-4.7810	9091196.5106	-0.0156	0.0999	0.0157	-0.6113
-4.7710	9091215.0000	-0.0158	0.1007	0.0158	-0.6116
-4.7610	9091233.8830	-0.0158	0.1030	0.0155	-0.6130
-4.7510	9091252.8298	-0.0156	0.1037	0.0148	-0.6139
-4.7410	9091271.1702	-0.0157	0.1042	0.0151	-0.6149
-4.7310	9091289.4468	-0.0158	0.1059	0.0151	-0.6166
-4.7210	9091309.4574	-0.0158	0.1066	0.0151	-0.6164
-4.7110	9091328.7234	-0.0159	0.1067	0.0150	-0.6169
-4.7010	9091347.2128	-0.0162	0.1079	0.0155	-0.6179
-4.6910	9091366.6277	-0.0163	0.1085	0.0161	-0.6193
-4.6810	9091385.5106	-0.0164	0.1109	0.0161	-0.6204
-4.6710	9091403.8298	-0.0163	0.1117	0.0152	-0.6226
-4.6610	9091423.2766	-0.0161	0.1126	0.0147	-0.6225
-4.6510	9091441.6596	-0.0163	0.1135	0.0147	-0.6237
-4.6410	9091461.5532	-0.0164	0.1144	0.0149	-0.6244
-4.6310	9091478.8298	-0.0167	0.1149	0.0155	-0.6266
-4.6210	9091498.2128	-0.0168	0.1165	0.0153	-0.6270
-4.6110	9091517.1702	-0.0170	0.1182	0.0155	-0.6303
-4.6010	9091536.5532	-0.0169	0.1188	0.0152	-0.6314
-4.5910	9091555.6596	-0.0168	0.1198	0.0151	-0.6314
-4.5810	9091574.4894	-0.0168	0.1209	0.0150	-0.6321
-4.5710	9091591.5106	-0.0168	0.1214	0.0148	-0.6322
-4.5610	9091611.3830	-0.0171	0.1229	0.0150	-0.6354
-4.5510	9091631.6809	-0.0174	0.1239	0.0152	-0.6367
-4.5410	9091649.8298	-0.0175	0.1253	0.0157	-0.6379
-4.5310	9091668.5106	-0.0175	0.1265	0.0154	-0.6394
-4.5210	9091687.0638	-0.0173	0.1272	0.0149	-0.6383
-4.5110	9091705.8298	-0.0173	0.1280	0.0146	-0.6409
-4.5010	9091724.6596	-0.0172	0.1276	0.0146	-0.6423
-4.4910	9091743.3830	-0.0175	0.1305	0.0147	-0.6430
-4.4810	9091763.3936	-0.0177	0.1307	0.0150	-0.6423
-4.4710	9091782.0000	-0.0180	0.1322	0.0155	-0.6434
-4.4610	9091800.8298	-0.0179	0.1325	0.0153	-0.6450
-4.4510	9091819.8298	-0.0182	0.1346	0.0155	-0.6474
-4.4410	9091838.8298	-0.0180	0.1354	0.0147	-0.6490
-4.4310	9091857.3404	-0.0178	0.1358	0.0147	-0.6486
-4.4210	9091877.1809	-0.0181	0.1392	0.0151	-0.6501
-4.4110	9091896.0000	-0.0180	0.1378	0.0149	-0.6526
-4.4010	9091915.3404	-0.0185	0.1403	0.0153	-0.6527
-4.3910	9091933.7979	-0.0187	0.1411	0.0154	-0.6531
-4.3810	9091953.7128	-0.0187	0.1426	0.0152	-0.6543
-4.3710	9091972.8830	-0.0186	0.1437	0.0148	-0.6563
-4.3610	9091991.5106	-0.0186	0.1451	0.0145	-0.6565
-4.3510	9092010.1170	-0.0186	0.1453	0.0147	-0.6570
-4.3410	9092029.7979	-0.0188	0.1487	0.0149	-0.6583
-4.3310	9092047.8298	-0.0188	0.1489	0.0144	-0.6605
-4.3210	9092066.5213	-0.0193	0.1508	0.0153	-0.6618
-4.3110	9092084.7872	-0.0192	0.1495	0.0151	-0.6614
-4.3010	9092103.6702	-0.0195	0.1544	0.0151	-0.6661
-4.2910	9092123.0213	-0.0195	0.1563	0.0147	-0.6677
-4.2810	9092141.6170	-0.0190	0.1566	0.0141	-0.6683
-4.2710	9092161.5213	-0.0195	0.1572	0.0146	-0.6687
-4.2610	9092179.5426	-0.0196	0.1596	0.0146	-0.6690
-4.2510	9092198.7979	-0.0198	0.1593	0.0150	-0.6712
-4.2410	9092218.0000	-0.0200	0.1621	0.0147	-0.6735
-4.2310	9092237.4574	-0.0202	0.1633	0.0145	-0.6732
-4.2210	9092255.0319	-0.0201	0.1647	0.0147	-0.6753
-4.2110	9092273.8191	-0.0200	0.1663	0.0137	-0.6759
-4.2010	9092292.6170	-0.0201	0.1664	0.0142	-0.6763
-4.1910	9092311.4574	-0.0200	0.1688	0.0139	-0.6776
-4.1810	9092329.6702	-0.0203	0.1699	0.0142	-0.6776
-4.1710	9092349.0000	-0.0207	0.1714	0.0151	-0.6803
-4.1610	9092367.0000	-0.0210	0.1730	0.0153	-0.6821
-4.1510	9092386.0319	-0.0208	0.1748	0.0148	-0.6832
-4.1410	9092405.0000	-0.0212	0.1770	0.0148	-0.6852
-4.1310	9092423.8830	-0.0208	0.1771	0.0144	-0.6852
-4.1210	9092443.3617	-0.0208	0.1776	0.0142	-0.6849
-4.1110	9092463.4894	-0.0210	0.1812	0.0141	-0.6874
-4.1010	9092481.6702	-0.0214	0.1813	0.0147	-0.6885
-4.0910	9092500.1596	-0.0214	0.1833	0.0143	-0.6893
-4.0810	9092519.5000	-0.0216	0.1832	0.0146	-0.6895
-4.0710	9092538.8085	-0.0217	0.1870	0.0140	-0.6922
-4.0610	9092558.3404	-0.0217	0.1894	0.0143	-0.6948
-4.0510	9092576.4362	-0.0215	0.1901	0.0138	-0.6956
-4.0410	9092596.0532	-0.0216	0.1914	0.0138	-0.6972
-4.0310	9092615.1170	-0.0218	0.1943	0.0137	-0.6991
-4.0210	9092634.1170	-0.0220	0.1939	0.0139	-0.6999
-4.0110	9092652.8298	-0.0225	0.1964	0.0147	-0.7007
-4.0010	9092671.3191	-0.0226	0.1988	0.0145	-0.7021
-3.9910	9092690.6702	-0.0228	0.2005	0.0146	-0.7045
-3.9810	9092709.0000	-0.0227	0.2021	0.0143	-0.7048
-3.9710	9092727.8936	-0.0224	0.2017	0.0136	-0.7060
-3.9610	9092745.7872	-0.0224	0.2053	0.0130	-0.7077
-3.9510	9092765.6170	-0.0228	0.2065	0.0137	-0.7074
-3.9410	9092785.0000	-0.0229	0.2079	0.0138	-0.7105
-3.9310	9092804.1702	-0.0232	0.2097	0.0140	-0.7124
-3.9210	9092822.6170	-0.0233	0.2105	0.0139	-0.7132
-3.9110	9092841.4894	-0.0235	0.2138	0.0141	-0.7147
-3.9010	9092860.1702	-0.0233	0.2164	0.0134	-0.7174
-3.8910	9092879.2766	-0.0234	0.2172	0.0135	-0.7185
-3.8810	9092898.4894	-0.0236	0.2181	0.0135	-0.7198
-3.8710	9092917.3404	-0.0235	0.2186	0.0132	-0.7193
-3.8610	9092935.4468	-0.0241	0.2217	0.0135	-0.7202
-3.8510	9092954.0957	-0.0242	0.2250	0.0137	-0.7227
-3.8410	9092973.1596	-0.0241	0.2243	0.0134	-0.7242
-3.8310	9092991.4468	-0.0244	0.2294	0.0137	-0.7257
-3.8210	9093010.3404	-0.0238	0.2270	0.0125	-0.7247
-3.8110	9093029.5106	-0.0242	0.2298	0.0133	-0.7250
-3.8010	9093049.0000	-0.0245	0.2337	0.0131	-0.7287
-3.7910	9093068.0000	-0.0248	0.2337	0.0135	-0.7306
-3.7810	9093087.5106	-0.0250	0.2341	0.0135	-0.7310
-3.7710	9093106.1170	-0.0251	0.2376	0.0135	-0.7318
-3.7610	9093124.4468	-0.0251	0.2401	0.0130	-0.7349
-3.7510	9093143.0957	-0.0249	0.2421	0.0125	-0.7365
-3.7410	9093162.3404	-0.0246	0.2421	0.0120	-0.7349
-3.7310	9093181.6170	-0.0250	0.2464	0.0122	-0.7369
-3.7210	9093200.0957	-0.0250	0.2444	0.0126	-0.7371
-3.7110	9093218.3404	-0.0257	0.2484	0.0132	-0.7380
-3.7010	9093238.1702	-0.0263	0.2534	0.0133	-0.7418
-3.6910	9093256.0000	-0.0261	0.2539	0.0129	-0.7445
-3.6810	9093276.1596	-0.0261	0.2564	0.0127	-0.7466
-3.6710	9093294.5638	-0.0259	0.2574	0.0122	-0.7478
-3.6610	9093313.0000	-0.0260	0.2623	0.0118	-0.7489
-3.6510	9093332.3298	-0.0263	0.2630	0.0121	-0.7507
-3.6410	9093351.7234	-0.0265	0.2645	0.0123	-0.7514
-3.6310	9093371.2766	-0.0268	0.2676	0.0125	-0.7526
-3.6210	9093388.5532	-0.0269	0.2691	0.0126	-0.7543
-3.6110	9093407.1702	-0.0268	0.2712	0.0118	-0.7556
-3.6010	9093426.3298	-0.0269	0.2711	0.0122	-0.7566
-3.5910	9093445.1702	-0.0270	0.2724	0.0120	-0.7567
-3.5810	9093463.0000	-0.0270	0.2770	0.0116	-0.7589
-3.5710	9093481.5000	-0.0272	0.2790	0.0115	-0.7585
-3.5610	9093501.7766	-0.0276	0.2800	0.0119	-0.7618
-3.5510	9093521.1702	-0.0277	0.2812	0.0118	-0.7624
-3.5410	9093540.8936	-0.0281	0.2838	0.0124	-0.7641
-3.5310	9093558.9043	-0.0282	0.2874	0.0123	-0.7664
-3.5210	9093577.4894	-0.0279	0.2885	0.0120	-0.7661
-3.5110	9093595.8298	-0.0276	0.2900	0.0112	-0.7657
-3.5010	9093614.5532	-0.0278	0.2924	0.0106	-0.7683
-3.4910	9093633.7872	-0.0283	0.2948	0.0113	-0.7699
-3.4810	9093653.2234	-0.0287	0.2967	0.0116	-0.7714
-3.4710	9093672.9468	-0.0291	0.3021	0.0116	-0.7767
-3.4610	9093691.4894	-0.0289	0.3027	0.0111	-0.7759
-3.4510	9093710.2553	-0.0286	0.3042	0.0104	-0.7785
-3.4410	9093728.5638	-0.0289	0.3058	0.0106	-0.7774
-3.4310	9093747.6596	-0.0286	0.3086	0.0102	-0.7795
-3.4210	9093766.1702	-0.0290	0.3097	0.0105	-0.7800
-3.4110	9093785.6702	-0.0296	0.3125	0.0107	-0.7819
-3.4010	9093804.0000	-0.0301	0.3135	0.0113	-0.7820
-3.3910	9093822.8191	-0.0298	0.3162	0.0107	-0.7827
-3.3810	9093843.2128	-0.0299	0.3196	0.0107	-0.7843
-3.3710	9093861.5106	-0.0299	0.3233	0.0099	-0.7868
-3.3610	9093880.4255	-0.0297	0.3268	0.0096	-0.7904
-3.3510	9093899.7660	-0.0302	0.3283	0.0101	-0.7908
-3.3410	9093918.8298	-0.0302	0.3296	0.0097	-0.7921
-3.3310	9093937.2660	-0.0309	0.3314	0.0105	-0.7928
-3.3210	9093955.5638	-0.0310	0.3352	0.0101	-0.7938
-3.3110	9093975.2660	-0.0314	0.3370	0.0110	-0.7959
-3.3010	9093994.0957	-0.0308	0.3400	0.0094	-0.7977
-3.2910	9094013.9468	-0.0307	0.3438	0.0091	-0.7993
-3.2810	9094031.2234	-0.0308	0.3463	0.0087	-0.8006
-3.2710	9094050.7340	-0.0310	0.3492	0.0087	-0.8029
-3.2610	9094069.3404	-0.0319	0.3500	0.0097	-0.8031
-3.2510	9094088.3191	-0.0318	0.3535	0.0093	-0.8037
-3.2410	9094106.9468	-0.0322	0.3562	0.0090	-0.8063
-3.2310	9094124.8298	-0.0323	0.3585	0.0093	-0.8080
-3.2210	9094143.5638	-0.0318	0.3621	0.0086	-0.8103
-3.2110	9094163.4894	-0.0317	0.3637	0.0079	-0.8097
-3.2010	9094182.9043	-0.0320	0.3672	0.0083	-0.8113
-3.1910	9094201.3936	-0.0324	0.3688	0.0084	-0.8127
-3.1810	9094220.3936	-0.0329	0.3725	0.0087	-0.8144
-3.1710	9094240.6596	-0.0332	0.3770	0.0085	-0.8170
-3.1610	9094257.6596	-0.0336	0.3780	0.0089	-0.8170
-3.1510	9094276.6064	-0.0331	0.3806	0.0081	-0.8181
-3.1410	9094295.8298	-0.0332	0.3863	0.0075	-0.8233
-3.1310	9094315.1702	-0.0330	0.3867	0.0072	-0.8222
-3.1210	9094334.8298	-0.0331	0.3864	0.0073	-0.8218
-3.1110	9094353.7234	-0.0338	0.3927	0.0076	-0.8230
-3.1010	9094371.3936	-0.0343	0.3939	0.0077	-0.8248
-3.0910	9094390.5106	-0.0349	0.3998	0.0078	-0.8285
-3.0810	9094409.1170	-0.0345	0.4021	0.0073	-0.8292
-3.0710	9094428.5638	-0.0345	0.4067	0.0070	-0.8314
-3.0610	9094447.4362	-0.0344	0.4090	0.0068	-0.8328
-3.0510	9094466.4894	-0.0339	0.4085	0.0059	-0.8310
-3.0410	9094485.0000	-0.0350	0.4140	0.0069	-0.8330
-3.0310	9094504.3191	-0.0352	0.4153	0.0064	-0.8339
-3.0210	9094523.0532	-0.0356	0.4194	0.0068	-0.8356
-3.0110	9094541.8298	-0.0355	0.4206	0.0064	-0.8360
-3.0010	9094561.1702	-0.0359	0.4249	0.0064	-0.8378
-2.9910	9094580.0000	-0.0357	0.4322	0.0055	-0.8395
-2.9810	9094598.9468	-0.0353	0.4316	0.0055	-0.8413
-2.9710	9094617.2234	-0.0358	0.4398	0.0050	-0.8427
-2.9610	9094637.6596	-0.0358	0.4371	0.0053	-0.8436
-2.9510	9094655.7340	-0.0367	0.4440	0.0053	-0.8454
-2.9410	9094675.6064	-0.0359	0.4402	0.0044	-0.8439
-2.9310	9094694.4894	-0.0369	0.4514	0.0050	-0.8462
-2.9210	9094713.0957	-0.0367	0.4519	0.0043	-0.8484
-2.9110	9094731.8298	-0.0372	0.4582	0.0050	-0.8523
-2.9010	9094750.3936	-0.0368	0.4617	0.0038	-0.8526
-2.8910	9094768.4894	-0.0372	0.4625	0.0045	-0.8527
-2.8810	9094788.4362	-0.0372	0.4686	0.0038	-0.8542
-2.8710	9094807.6596	-0.0378	0.4720	0.0038	-0.8567
-2.8610	9094825.1702	-0.0381	0.4743	0.0038	-0.8580
-2.8510	9094844.3936	-0.0381	0.4765	0.0038	-0.8572
-2.8410	9094863.1702	-0.0378	0.4814	0.0031	-0.8585
-2.8310	9094882.3404	-0.0377	0.4847	0.0024	-0.8597
-2.8210	9094900.6809	-0.0377	0.4876	0.0027	-0.8607
-2.8110	9094919.6809	-0.0382	0.4897	0.0027	-0.8607
-2.8010	9094939.1702	-0.0388	0.4965	0.0024	-0.8620
-2.7910	9094958.0000	-0.0391	0.5003	0.0024	-0.8645
-2.7810	9094977.5745	-0.0397	0.5067	0.0023	-0.8671
-2.7710	9094996.6596	-0.0392	0.5091	0.0012	-0.8705
-2.7610	9095015.0000	-0.0392	0.5118	0.0015	-0.8705
-2.7510	9095034.1702	-0.0388	0.5145	0.0007	-0.8700
-2.7410	9095052.2234	-0.0393	0.5186	0.0010	-0.8700
-2.7310	9095072.3404	-0.0390	0.5218	-0.0002	-0.8700
-2.7210	9095091.1702	-0.0396	0.5215	0.0002	-0.8705
-2.7110	9095110.3404	-0.0403	0.5343	0.0003	-0.8737
-2.7010	9095128.4255	-0.0407	0.5350	0.0005	-0.8762
-2.6910	9095147.8298	-0.0402	0.5395	-0.0001	-0.8774
-2.6810	9095166.2553	-0.0404	0.5462	-0.0007	-0.8794
-2.6710	9095185.0638	-0.0399	0.5482	-0.0011	-0.8797
-2.6610	9095203.4255	-0.0404	0.5480	-0.0012	-0.8786
-2.6510	9095222.4043	-0.0410	0.5559	-0.0013	-0.8810
-2.6410	9095241.4894	-0.0417	0.5623	-0.0011	-0.8845
-2.6310	9095260.3404	-0.0413	0.5665	-0.0019	-0.8857
-2.6210	9095279.2340	-0.0422	0.5710	-0.0011	-0.8865
-2.6110	9095299.6596	-0.0418	0.5743	-0.0017	-0.8867
-2.6010	9095319.0000	-0.0411	0.5756	-0.0030	-0.8865
-2.5910	9095336.9362	-0.0412	0.5802	-0.0032	-0.8863
-2.5810	9095355.8298	-0.0415	0.5845	-0.0029	-0.8871
-2.5710	9095374.1702	-0.0420	0.5908	-0.0032	-0.8891
-2.5610	9095393.5957	-0.0428	0.5935	-0.0033	-0.8899
-2.5510	9095412.1702	-0.0433	0.5977	-0.0030	-0.8908
-2.5410	9095429.8298	-0.0428	0.6010	-0.0037	-0.8900
-2.5310	9095449.7447	-0.0430	0.6069	-0.0041	-0.8924
-2.5210	9095468.9362	-0.0419	0.6092	-0.0057	-0.8921
-2.5110	9095487.2553	-0.0421	0.6126	-0.0054	-0.8917
-2.5010	9095505.7660	-0.0426	0.6153	-0.0059	-0.8918
-2.4910	9095524.4043	-0.0433	0.6307	-0.0060	-0.8946
-2.4810	9095543.4255	-0.0440	0.6327	-0.0060	-0.8974
-2.4710	9095563.3404	-0.0441	0.6360	-0.0059	-0.8981
-2.4610	9095581.1702	-0.0442	0.6410	-0.0068	-0.8993
-2.4510	9095599.5106	-0.0441	0.6407	-0.0069	-0.8989
-2.4410	9095618.9149	-0.0437	0.6515	-0.0075	-0.8981
-2.4310	9095638.1702	-0.0434	0.6602	-0.0081	-0.9008
-2.4210	9095657.4894	-0.0448	0.6609	-0.0076	-0.9022
-2.4110	9095677.0638	-0.0450	0.6650	-0.0077	-0.9011
-2.4010	9095696.4255	-0.0449	0.6648	-0.0084	-0.9015
-2.3910	9095715.4043	-0.0452	0.6802	-0.0089	-0.9029
-2.3810	9095733.7447	-0.0443	0.6805	-0.0100	-0.9032
-2.3710	9095752.5106	-0.0448	0.6840	-0.0098	-0.9040
-2.3610	9095771.4894	-0.0444	0.6871	-0.0107	-0.9023
-2.3510	9095790.8298	-0.0445	0.6963	-0.0104	-0.9040
-2.3410	9095809.1702	-0.0457	0.7035	-0.0105	-0.9069
-2.3310	9095828.8298	-0.0459	0.7069	-0.0112	-0.9074
-2.3210	9095848.0000	-0.0465	0.7111	-0.0112	-0.9072
-2.3110	9095867.2553	-0.0460	0.7169	-0.0115	-0.9070
-2.3010	9095886.1702	-0.0457	0.7270	-0.0130	-0.9064
-2.2910	9095905.0000	-0.0457	0.7325	-0.0129	-0.9073
-2.2810	9095923.5745	-0.0457	0.7370	-0.0136	-0.9079
-2.2710	9095941.8298	-0.0463	0.7375	-0.0130	-0.9065
-2.2610	9095961.0000	-0.0465	0.7474	-0.0139	-0.9083
-2.2510	9095979.6596	-0.0468	0.7508	-0.0142	-0.9082
-2.2410	9095998.2553	-0.0472	0.7503	-0.0139	-0.9093
-2.2310	9096017.5957	-0.0468	0.7544	-0.0147	-0.9056
-2.2210	9096036.4894	-0.0455	0.7667	-0.0166	-0.9066
-2.2110	9096054.8298	-0.0462	0.7730	-0.0162	-0.9064
-2.2010	9096072.8511	-0.0462	0.7778	-0.0166	-0.9070
-2.1910	9096092.0000	-0.0462	0.7808	-0.0171	-0.9059
-2.1810	9096110.7234	-0.0468	0.7931	-0.0176	-0.9069
-2.1710	9096129.7447	-0.0479	0.7924	-0.0177	-0.9085
-2.1610	9096147.1489	-0.0479	0.8030	-0.0181	-0.9073
-2.1510	9096166.7447	-0.0476	0.8119	-0.0189	-0.9071
-2.1410	9096186.4043	-0.0471	0.8130	-0.0193	-0.9080
-2.1310	9096204.8298	-0.0466	0.8258	-0.0205	-0.9072
-2.1210	9096224.7660	-0.0475	0.8289	-0.0202	-0.9069
-2.1110	9096243.6596	-0.0475	0.8255	-0.0206	-0.9064
-2.1010	9096262.5957	-0.0483	0.8410	-0.0211	-0.9066
-2.0910	9096281.0638	-0.0489	0.8496	-0.0209	-0.9051
-2.0810	9096300.1702	-0.0480	0.8555	-0.0223	-0.9048
-2.0710	9096318.3404	-0.0470	0.8518	-0.0230	-0.9053
-2.0610	9096336.8298	-0.0465	0.8689	-0.0246	-0.9037
-2.0510	9096356.4043	-0.0477	0.8728	-0.0242	-0.9023
-2.0410	9096375.2553	-0.0476	0.8736	-0.0246	-0.9012
-2.0310	9096394.2340	-0.0476	0.8767	-0.0251	-0.8976
-2.0210	9096413.6596	-0.0475	0.8852	-0.0256	-0.8987
-2.0110	9096431.7447	-0.0490	0.9016	-0.0262	-0.8968
-2.0010	9096451.3404	-0.0481	0.9084	-0.0267	-0.8981
-1.9910	9096469.7660	-0.0464	0.9135	-0.0281	-0.8994
-1.9810	9096488.1064	-0.0461	0.9195	-0.0290	-0.8973
-1.9710	9096507.0000	-0.0473	0.9226	-0.0288	-0.8953
-1.9610	9096526.4894	-0.0479	0.9387	-0.0289	-0.8910
-1.9510	9096545.5745	-0.0475	0.9360	-0.0295	-0.8916
-1.9410	9096563.8298	-0.0482	0.9538	-0.0304	-0.8905
-1.9310	9096582.7660	-0.0479	0.9487	-0.0305	-0.8939
-1.9210	9096601.0851	-0.0471	0.9603	-0.0314	-0.8875
-1.9110	9096620.5745	-0.0464	0.9635	-0.0322	-0.8871
-1.9010	9096638.6596	-0.0461	0.9705	-0.0336	-0.8851
-1.8910	9096658.1702	-0.0463	0.9761	-0.0336	-0.8820
-1.8810	9096677.5957	-0.0463	0.9836	-0.0342	-0.8803
-1.8710	9096696.5745	-0.0481	0.9927	-0.0352	-0.8812
-1.8610	9096715.0000	-0.0473	1.0055	-0.0354	-0.8774
-1.8510	9096733.6596	-0.0473	1.0088	-0.0362	-0.8749
-1.8410	9096752.8298	-0.0455	1.0098	-0.0375	-0.8767
-1.8310	9096773.1064	-0.0469	1.0297	-0.0372	-0.8685
-1.8210	9096792.0000	-0.0464	1.0330	-0.0376	-0.8674
-1.8110	9096810.5957	-0.0466	1.0428	-0.0390	-0.8654
-1.8010	9096829.3404	-0.0457	1.0426	-0.0407	-0.8683
-1.7910	9096848.4043	-0.0470	1.0511	-0.0401	-0.8619
-1.7810	9096867.6596	-0.0460	1.0670	-0.0411	-0.8584
-1.7710	9096886.2447	-0.0451	1.0701	-0.0420	-0.8569
-1.7610	9096907.0000	-0.0456	1.0765	-0.0421	-0.8564
-1.7510	9096925.0000	-0.0439	1.0891	-0.0436	-0.8494
-1.7410	9096944.2553	-0.0438	1.0951	-0.0452	-0.8486
-1.7310	9096962.1702	-0.0454	1.0985	-0.0445	-0.8459
-1.7210	9096981.8298	-0.0457	1.1093	-0.0454	-0.8438
-1.7110	9097001.3191	-0.0451	1.1224	-0.0462	-0.8364
-1.7010	9097019.4149	-0.0449	1.1247	-0.0468	-0.8366
-1.6910	9097038.2447	-0.0438	1.1314	-0.0481	-0.8348
-1.6810	9097056.3404	-0.0417	1.1418	-0.0492	-0.8243
-1.6710	9097075.8298	-0.0422	1.1480	-0.0503	-0.8245
-1.6610	9097095.6596	-0.0427	1.1619	-0.0504	-0.8162
-1.6510	9097114.4149	-0.0417	1.1666	-0.0509	-0.8157
-1.6410	9097132.5851	-0.0423	1.1688	-0.0524	-0.8164
-1.6310	9097150.4894	-0.0425	1.1840	-0.0526	-0.8037
-1.6210	9097169.3404	-0.0413	1.1912	-0.0535	-0.8027
-1.6110	9097188.5851	-0.0394	1.1952	-0.0552	-0.8037
-1.6010	9097206.8511	-0.0392	1.2048	-0.0557	-0.7949
-1.5910	9097226.4894	-0.0400	1.2101	-0.0562	-0.7929
-1.5810	9097245.8298	-0.0390	1.2148	-0.0571	-0.7881
-1.5710	9097265.0000	-0.0390	1.2290	-0.0577	-0.7762
-1.5610	9097283.5106	-0.0389	1.2383	-0.0592	-0.7715
-1.5510	9097302.6596	-0.0382	1.2426	-0.0593	-0.7709
-1.5410	9097321.6596	-0.0381	1.2502	-0.0601	-0.7637
-1.5310	9097340.8298	-0.0370	1.2640	-0.0618	-0.7553
-1.5210	9097359.6596	-0.0352	1.2550	-0.0620	-0.7554
-1.5110	9097376.8298	-0.0357	1.2734	-0.0630	-0.7432
-1.5010	9097395.0957	-0.0354	1.2971	-0.0639	-0.7338
-1.4910	9097414.4894	-0.0345	1.2901	-0.0650	-0.7375
-1.4810	9097434.6596	-0.0339	1.3002	-0.0657	-0.7271
-1.4710	9097452.8298	-0.0341	1.3031	-0.0660	-0.7214
-1.4610	9097472.5106	-0.0314	1.3133	-0.0683	-0.7126
-1.4510	9097490.8298	-0.0315	1.3270	-0.0687	-0.7054
-1.4410	9097510.0745	-0.0311	1.3381	-0.0698	-0.6962
-1.4310	9097528.0000	-0.0306	1.3287	-0.0698	-0.7003
-1.4210	9097547.1702	-0.0306	1.3462	-0.0711	-0.6845
-1.4110	9097567.0000	-0.0298	1.3660	-0.0721	-0.6694
-1.4010	9097586.0000	-0.0302	1.3562	-0.0719	-0.6753
-1.3910	9097605.1702	-0.0279	1.3735	-0.0736	-0.6585
-1.3810	9097623.8298	-0.0271	1.3779	-0.0745	-0.6516
-1.3710	9097643.1702	-0.0238	1.3966	-0.0753	-0.6368
-1.3610	9097662.8298	-0.0253	1.3921	-0.0762	-0.6389
-1.3510	9097681.5851	-0.0257	1.3950	-0.0757	-0.6289
-1.3410	9097700.6596	-0.0223	1.4112	-0.0776	-0.6125
-1.3310	9097718.1702	-0.0235	1.4125	-0.0792	-0.6084
-1.3210	9097737.7553	-0.0211	1.4239	-0.0789	-0.5941
-1.3110	9097757.2447	-0.0196	1.4344	-0.0807	-0.5857
-1.3010	9097775.3191	-0.0182	1.4345	-0.0810	-0.5811
-1.2910	9097794.6596	-0.0158	1.4574	-0.0830	-0.5589
-1.2810	9097814.3404	-0.0163	1.4532	-0.0820	-0.5600
-1.2710	9097832.4149	-0.0164	1.4598	-0.0840	-0.5477
-1.2610	9097850.7553	-0.0153	1.4689	-0.0838	-0.5345
-1.2510	9097869.5851	-0.0137	1.4770	-0.0845	-0.5231
-1.2410	9097888.3404	-0.0124	1.4737	-0.0853	-0.5206
-1.2310	9097907.0000	-0.0106	1.4879	-0.0865	-0.4969
-1.2210	9097925.6809	-0.0080	1.4955	-0.0863	-0.4930
-1.2110	9097944.4149	-0.0074	1.5009	-0.0886	-0.4796
-1.2010	9097963.7553	-0.0058	1.5081	-0.0886	-0.4641
-1.1910	9097982.4149	-0.0055	1.5101	-0.0886	-0.4557
-1.1810	9098002.1702	-0.0045	1.5161	-0.0893	-0.4445
-1.1710	9098020.8298	-0.0033	1.5192	-0.0905	-0.4329
-1.1610	9098039.0000	-0.0007	1.5306	-0.0917	-0.4182
-1.1510	9098058.3404	0.0008	1.5299	-0.0919	-0.4088
-1.1410	9098077.6809	0.0024	1.5437	-0.0916	-0.3871
-1.1310	9098096.8298	0.0043	1.5528	-0.0936	-0.3744
-1.1210	9098116.1702	0.0046	1.5463	-0.0939	-0.3692
-1.1110	9098135.0000	0.0064	1.5534	-0.0942	-0.3508
-1.1010	9098153.8298	0.0081	1.5654	-0.0945	-0.3208
-1.0910	9098173.0957	0.0090	1.5583	-0.0952	-0.3261
-1.0810	9098191.2447	0.0121	1.5557	-0.0961	-0.3141
-1.0710	9098210.5851	0.0139	1.5627	-0.0943	-0.2923
-1.0610	9098229.0745	0.0165	1.5787	-0.0957	-0.2681
-1.0510	9098248.1702	0.0174	1.5774	-0.0956	-0.2611
-1.0410	9098266.5851	0.0180	1.5790	-0.0964	-0.2464
-1.0310	9098284.5851	0.0189	1.5823	-0.0958	-0.2288
-1.0210	9098303.5851	0.0217	1.5826	-0.0964	-0.2175
-1.0110	9098323.0745	0.0233	1.5861	-0.0959	-0.1970
-1.0010	9098340.4894	0.0246	1.5872	-0.0960	-0.1797
-0.9910	9098359.5851	0.0282	1.5929	-0.0949	-0.1596
-0.9810	9098378.5106	0.0310	1.5923	-0.0949	-0.1485
-0.9710	9098396.9255	0.0317	1.5936	-0.0969	-0.1272
-0.9610	9098416.4149	0.0327	1.5907	-0.0963	-0.1104
-0.9510	9098435.5106	0.0350	1.5937	-0.0964	-0.0994
-0.9410	9098455.0000	0.0356	1.5908	-0.0958	-0.0818
-0.9310	9098474.5851	0.0393	1.5987	-0.0943	-0.0465
-0.9210	9098493.0000	0.0402	1.6014	-0.0947	-0.0348
-0.9110	9098511.4894	0.0432	1.5942	-0.0936	-0.0202
-0.9010	9098530.4894	0.0460	1.5900	-0.0926	-0.0023
-0.8910	9098550.6809	0.0471	1.5887	-0.0937	0.0184
-0.8810	9098569.9255	0.0477	1.5851	-0.0928	0.0321
-0.8710	9098587.3404	0.0496	1.5846	-0.0928	0.0504
-0.8610	9098606.6596	0.0536	1.5808	-0.0924	0.0704
-0.8510	9098625.7553	0.0554	1.5740	-0.0900	0.0943
-0.8410	9098644.8298	0.0587	1.5752	-0.0887	0.1089
-0.8310	9098664.4043	0.0602	1.5694	-0.0886	0.1371
-0.8210	9098682.4255	0.0618	1.5615	-0.0860	0.1529
-0.8110	9098702.0000	0.0632	1.5588	-0.0871	0.1672
-0.8010	9098720.6809	0.0650	1.5511	-0.0858	0.1811
-0.7910	9098740.0000	0.0669	1.5480	-0.0841	0.2104
-0.7810	9098758.3191	0.0684	1.5387	-0.0818	0.2340
-0.7710	9098777.4149	0.0710	1.5311	-0.0821	0.2411
-0.7610	9098796.7660	0.0736	1.5224	-0.0793	0.2698
-0.7510	9098815.4149	0.0745	1.5131	-0.0779	0.2860
-0.7410	9098834.1702	0.0770	1.5019	-0.0757	0.3005
-0.7310	9098852.6596	0.0788	1.4922	-0.0751	0.3225
-0.7210	9098872.2660	0.0788	1.4814	-0.0743	0.3442
-0.7110	9098890.8298	0.0812	1.4742	-0.0706	0.3618
-0.7010	9098909.3404	0.0823	1.4644	-0.0687	0.3885
-0.6910	9098927.8298	0.0853	1.4469	-0.0672	0.3934
-0.6810	9098947.0638	0.0872	1.4363	-0.0651	0.4257
-0.6710	9098966.1702	0.0887	1.4250	-0.0618	0.4435
-0.6610	9098984.6596	0.0892	1.4119	-0.0616	0.4481
-0.6510	9099003.3404	0.0901	1.3921	-0.0583	0.4728
-0.6410	9099022.4043	0.0912	1.3732	-0.0572	0.4884
-0.6310	9099040.8298	0.0914	1.3631	-0.0531	0.5041
-0.6210	9099059.7660	0.0945	1.3465	-0.0507	0.5280
-0.6110	9099078.9362	0.0942	1.3297	-0.0487	0.5380
-0.6010	9099098.5106	0.0966	1.3098	-0.0455	0.5648
-0.5910	9099117.5745	0.0954	1.2914	-0.0430	0.5721
-0.5810	9099136.4894	0.0967	1.2709	-0.0399	0.5919
-0.5710	9099154.5106	0.0972	1.2527	-0.0382	0.6003
-0.5610	9099172.8298	0.0971	1.2330	-0.0351	0.6143
-0.5510	9099191.6596	0.0985	1.2116	-0.0323	0.6343
-0.5410	9099210.9149	0.0997	1.1932	-0.0296	0.6490
-0.5310	9099229.4255	0.0989	1.1710	-0.0259	0.6626
-0.5210	9099249.3404	0.0993	1.1477	-0.0228	0.6735
-0.5110	9099267.2553	0.0980	1.1238	-0.0204	0.6846
-0.5010	9099286.5745	0.0976	1.1006	-0.0180	0.6928
-0.4910	9099306.0851	0.0971	1.0736	-0.0152	0.7064
-0.4810	9099324.3404	0.0970	1.0488	-0.0125	0.7165
-0.4710	9099342.5957	0.0968	1.0262	-0.0087	0.7265
-0.4610	9099362.4043	0.0947	0.9994	-0.0052	0.7350
-0.4510	9099381.8298	0.0951	0.9724	-0.0023	0.7424
-0.4410	9099400.8936	0.0920	0.9468	0.0004	0.7452
-0.4310	9099419.6596	0.0942	0.9204	0.0028	0.7543
-0.4210	9099439.2553	0.0909	0.8894	0.0052	0.7571
-0.4110	9099458.1702	0.0890	0.8605	0.0073	0.7604
-0.4010	9099476.5957	0.0884	0.8303	0.0107	0.7648
-0.3910	9099495.0000	0.0853	0.8047	0.0133	0.7656
-0.3810	9099513.9362	0.0839	0.7739	0.0165	0.7699
-0.3710	9099533.1702	0.0832	0.7449	0.0189	0.7669
-0.3610	9099552.0000	0.0804	0.7159	0.0215	0.7685
-0.3510	9099570.7660	0.0777	0.6898	0.0232	0.7672
-0.3410	9099590.3404	0.0750	0.6565	0.0245	0.7646
-0.3310	9099608.4894	0.0732	0.6295	0.0264	0.7596
-0.3210	9099626.8298	0.0710	0.6015	0.0284	0.7539
-0.3110	9099644.9149	0.0684	0.5726	0.0304	0.7476
-0.3010	9099664.0000	0.0663	0.5452	0.0322	0.7408
-0.2910	9099683.3191	0.0634	0.5144	0.0339	0.7316
-0.2810	9099701.5745	0.0619	0.4867	0.0354	0.7196
-0.2710	9099721.2553	0.0573	0.4582	0.0356	0.7096
-0.2610	9099739.8511	0.0534	0.4274	0.0360	0.6960
-0.2510	9099759.1702	0.0510	0.4036	0.0364	0.6846
-0.2410	9099777.8298	0.0487	0.3754	0.0379	0.6716
-0.2310	9099797.0000	0.0466	0.3472	0.0390	0.6527
-0.2210	9099816.6809	0.0425	0.3216	0.0389	0.6378
-0.2110	9099834.5745	0.0395	0.2971	0.0390	0.6210
-0.2010	9099854.0000	0.0370	0.2732	0.0384	0.6042
-0.1910	9099872.8511	0.0351	0.2487	0.0393	0.5838
-0.1810	9099891.0000	0.0309	0.2270	0.0371	0.5626
-0.1710	9099910.1064	0.0299	0.2047	0.0387	0.5424
-0.1610	9099928.5106	0.0259	0.1840	0.0364	0.5201
-0.1510	9099947.5745	0.0237	0.1637	0.0361	0.4963
-0.1410	9099966.2340	0.0208	0.1445	0.0347	0.4723
-0.1310	9099985.5745	0.0184	0.1260	0.0333	0.4471
-0.1210	9100004.4255	0.0160	0.1082	0.0317	0.4214
-0.1110	9100023.9362	0.0139	0.0917	0.0302	0.3927
-0.1010	9100043.1064	0.0119	0.0782	0.0285	0.3671
-0.0910	9100061.4894	0.0099	0.0633	0.0267	0.3381
-0.0810	9100080.5745	0.0084	0.0515	0.0254	0.3097
-0.0710	9100099.5106	0.0065	0.0400	0.0229	0.2794
-0.0610	9100117.9362	0.0051	0.0300	0.0209	0.2487
-0.0510	9100137.3404	0.0039	0.0216	0.0188	0.2190
-0.0410	9100155.3404	0.0026	0.0143	0.0154	0.1889
-0.0310	9100174.5106	0.0017	0.0092	0.0127	0.1601
-0.0210	9100194.1064	0.0010	0.0041	0.0107	0.1256
-0.0110	9100213.6596	0.0004	0.0010	0.0076	0.0934
-0.0010	9100229.9362	0.0001	-0.0007	0.0061	0.0641
0.0090	9100248.5957	-0.0000	-0.0008	0.0024	0.0355
0.0190	9100268.3191	-0.0000	0.0000	-0.0006	0.0015
0.0290	9100288.1064	0.0002	0.0026	-0.0026	-0.0303
0.0390	9100306.3404	0.0008	0.0067	-0.0060	-0.0627
0.0490	9100326.1064	0.0013	0.0119	-0.0076	-0.0938
0.0590	9100345.8298	0.0022	0.0189	-0.0106	-0.1276
0.0690	9100364.8298	0.0034	0.0263	-0.0138	-0.1577
0.0790	9100383.0000	0.0045	0.0362	-0.0156	-0.1882
0.0890	9100401.6596	0.0060	0.0459	-0.0183	-0.2175
0.0990	9100420.9149	0.0074	0.0577	-0.0202	-0.2466
0.1090	9100440.0000	0.0086	0.0706	-0.0217	-0.2769
0.1190	9100458.4255	0.0108	0.0834	-0.0248	-0.3054
0.1290	9100478.1702	0.0128	0.0990	-0.0266	-0.3317
0.1390	9100496.7766	0.0150	0.1165	-0.0284	-0.3619
0.1490	9100516.2553	0.0171	0.1335	-0.0298	-0.3874
0.1590	9100535.7660	0.0198	0.1528	-0.0316	-0.4142
0.1690	9100554.1064	0.0220	0.1715	-0.0329	-0.4391
0.1790	9100574.4574	0.0246	0.1929	-0.0340	-0.4633
0.1890	9100592.5957	0.0273	0.2158	-0.0351	-0.4865
0.1990	9100611.3404	0.0303	0.2360	-0.0364	-0.5081
0.2090	9100629.7766	0.0320	0.2594	-0.0362	-0.5269
0.2190	9100649.5106	0.0357	0.2828	-0.0373	-0.5496
0.2290	9100667.9043	0.0389	0.3097	-0.0378	-0.5697
0.2390	9100686.2234	0.0418	0.3333	-0.0381	-0.5874
0.2490	9100704.4894	0.0441	0.3577	-0.0375	-0.6034
0.2590	9100722.2553	0.0462	0.3802	-0.0375	-0.6187
0.2690	9100741.0000	0.0499	0.4079	-0.0378	-0.6336
0.2790	9100760.3404	0.0513	0.4357	-0.0361	-0.6469
0.2890	9100778.4043	0.0546	0.4639	-0.0362	-0.6607
0.2990	9100797.9468	0.0569	0.4894	-0.0351	-0.6714
0.3090	9100817.0426	0.0601	0.5177	-0.0341	-0.6844
0.3190	9100836.0000	0.0630	0.5469	-0.0327	-0.6920
0.3290	9100856.4362	0.0653	0.5754	-0.0317	-0.7007
0.3390	9100874.7766	0.0683	0.6073	-0.0306	-0.7094
0.3490	9100893.7766	0.0708	0.6339	-0.0286	-0.7143
0.3590	9100912.9468	0.0725	0.6640	-0.0268	-0.7209
0.3690	9100931.4362	0.0753	0.6971	-0.0252	-0.7240
0.3790	9100949.6809	0.0767	0.7234	-0.0231	-0.7269
0.3890	9100969.9468	0.0785	0.7504	-0.0204	-0.7283
0.3990	9100989.5532	0.0830	0.7825	-0.0187	-0.7289
0.4090	9101008.1702	0.0832	0.8094	-0.0164	-0.7281
0.4190	9101026.7766	0.0850	0.8392	-0.0140	-0.7269
0.4290	9101045.3830	0.0866	0.8661	-0.0117	-0.7262
0.4390	9101064.6809	0.0868	0.8926	-0.0086	-0.7223
0.4490	9101083.4894	0.0891	0.9215	-0.0065	-0.7171
0.4590	9101102.9468	0.0896	0.9465	-0.0031	-0.7113
0.4690	9101121.0213	0.0916	0.9743	-0.0007	-0.7064
0.4790	9101140.0745	0.0921	0.9984	0.0010	-0.6985
0.4890	9101158.6809	0.0924	1.0252	0.0045	-0.6912
0.4990	9101177.0000	0.0932	1.0488	0.0075	-0.6838
0.5090	9101196.2872	0.0929	1.0783	0.0102	-0.6752
0.5190	9101214.7766	0.0935	1.1004	0.0130	-0.6644
0.5290	9101234.2872	0.0934	1.1214	0.0156	-0.6541
0.5390	9101253.7979	0.0950	1.1476	0.0185	-0.6393
0.5490	9101271.2660	0.0958	1.1672	0.0208	-0.6294
0.5590	9101290.9468	0.0938	1.1930	0.0244	-0.6151
0.5690	9101310.3404	0.0954	1.2149	0.0283	-0.6035
0.5790	9101329.2128	0.0937	1.2418	0.0303	-0.5882
0.5890	9101348.3404	0.0927	1.2573	0.0337	-0.5738
0.5990	9101366.7766	0.0940	1.2764	0.0369	-0.5592
0.6090	9101385.4362	0.0925	1.2924	0.0388	-0.5427
0.6190	9101404.1170	0.0917	1.3139	0.0425	-0.5260
0.6290	9101424.1702	0.0905	1.3328	0.0449	-0.5089
0.6390	9101442.4574	0.0885	1.3464	0.0477	-0.4916
0.6490	9101461.3830	0.0881	1.3620	0.0496	-0.4757
0.6590	9101480.2660	0.0850	1.3769	0.0518	-0.4581
0.6690	9101499.6064	0.0850	1.3955	0.0543	-0.4385
0.6790	9101518.5106	0.0841	1.4097	0.0564	-0.4198
0.6890	9101537.1170	0.0831	1.4218	0.0584	-0.4003
0.6990	9101556.6809	0.0822	1.4368	0.0623	-0.3782
0.7090	9101576.1170	0.0813	1.4469	0.0643	-0.3640
0.7190	9101594.9468	0.0798	1.4607	0.0671	-0.3383
0.7290	9101613.2872	0.0771	1.4720	0.0682	-0.3185
0.7390	9101632.9468	0.0736	1.4816	0.0699	-0.3016
0.7490	9101652.6277	0.0724	1.4900	0.0714	-0.2794
0.7590	9101672.1170	0.0720	1.4999	0.0750	-0.2604
0.7690	9101689.7766	0.0703	1.5062	0.0755	-0.2403
0.7790	9101709.0426	0.0688	1.5132	0.0757	-0.2186
0.7890	9101728.1702	0.0669	1.5176	0.0799	-0.1989
0.7990	9101747.1170	0.0637	1.5248	0.0813	-0.1764
0.8090	9101765.3404	0.0617	1.5299	0.0807	-0.1582
0.8190	9101784.6064	0.0590	1.5377	0.0825	-0.1362
0.8290	9101803.3404	0.0572	1.5379	0.0830	-0.1223
0.8390	9101821.4574	0.0561	1.5406	0.0854	-0.0942
0.8490	9101839.7234	0.0534	1.5451	0.0872	-0.0774
0.8590	9101858.5532	0.0531	1.5469	0.0884	-0.0614
0.8690	9101877.9468	0.0505	1.5544	0.0905	-0.0240
0.8790	9101896.7766	0.0475	1.5558	0.0901	-0.0224
0.8890	9101915.7766	0.0449	1.5613	0.0908	0.0060
0.8990	9101934.5532	0.0427	1.5607	0.0920	0.0273
0.9090	9101953.5532	0.0407	1.5635	0.0928	0.0402
0.9190	9101972.2872	0.0393	1.5633	0.0927	0.0650
0.9290	9101991.7979	0.0379	1.5621	0.0951	0.0899
0.9390	9102009.6064	0.0359	1.5614	0.0938	0.0938
0.9490	9102028.8511	0.0347	1.5579	0.0937	0.1146
0.9590	9102047.7234	0.0310	1.5593	0.0953	0.1353
0.9690	9102066.4574	0.0293	1.5583	0.0939	0.1538
0.9790	9102084.7766	0.0269	1.5540	0.0948	0.1780
0.9890	9102103.6064	0.0245	1.5511	0.0938	0.1941
0.9990	9102123.8936	0.0236	1.5517	0.0963	0.2112
1.0090	9102142.2660	0.0223	1.5471	0.0969	0.2255
1.0190	9102161.6064	0.0195	1.5417	0.0966	0.2425
1.0290	9102180.8936	0.0173	1.5419	0.0957	0.2642
1.0390	9102199.7766	0.0155	1.5328	0.0962	0.2780
1.0490	9102219.4574	0.0143	1.5310	0.0955	0.3039
1.0590	9102237.7979	0.0114	1.5318	0.0961	0.3177
1.0690	9102256.4574	0.0102	1.5274	0.0962	0.3315
1.0790	9102275.0426	0.0092	1.5218	0.0962	0.3438
1.0890	9102294.4362	0.0075	1.5140	0.0953	0.3613
1.0990	9102313.7234	0.0061	1.5061	0.0942	0.3635
1.1090	9102332.6809	0.0040	1.5004	0.0947	0.4008
1.1190	9102352.0638	0.0022	1.4953	0.0927	0.4047
1.1290	9102370.9468	0.0004	1.4948	0.0927	0.4262
1.1390	9102389.7766	-0.0021	1.4878	0.0924	0.4385
1.1490	9102407.8936	-0.0017	1.4811	0.0921	0.4476
1.1590	9102427.2872	-0.0035	1.4733	0.0914	0.4638
1.1690	9102446.0426	-0.0058	1.4656	0.0921	0.4837
1.1790	9102464.6277	-0.0065	1.4588	0.0905	0.4817
1.1890	9102483.6809	-0.0078	1.4494	0.0897	0.4981
1.1990	9102502.5532	-0.0094	1.4421	0.0884	0.5113
1.2090	9102521.2872	-0.0111	1.4367	0.0886	0.5341
1.2190	9102540.8936	-0.0119	1.4322	0.0875	0.5354
1.2290	9102559.8511	-0.0135	1.4238	0.0871	0.5554
1.2390	9102578.0000	-0.0151	1.4158	0.0868	0.5545
1.2490	9102597.7234	-0.0147	1.4041	0.0862	0.5662
1.2590	9102616.7447	-0.0180	1.3966	0.0851	0.5809
1.2690	9102635.4574	-0.0186	1.3898	0.0843	0.5873
1.2790	9102653.8936	-0.0214	1.3842	0.0831	0.6166
1.2890	9102672.8936	-0.0218	1.3781	0.0825	0.6123
1.2990	9102691.7447	-0.0219	1.3705	0.0823	0.6195
1.3090	9102709.7234	-0.0227	1.3602	0.0819	0.6536
1.3190	9102728.7979	-0.0232	1.3559	0.0801	0.6300
1.3290	9102748.0851	-0.0240	1.3474	0.0805	0.6500
1.3390	9102767.1277	-0.0259	1.3366	0.0791	0.6624
1.3490	9102786.5319	-0.0269	1.3271	0.0769	0.6745
1.3590	9102805.1277	-0.0275	1.3190	0.0764	0.6837
1.3690	9102822.7447	-0.0287	1.3125	0.0756	0.6756
1.3790	9102841.6383	-0.0284	1.3045	0.0749	0.6816
1.3890	9102860.5745	-0.0293	1.2917	0.0746	0.7005
1.3990	9102879.5745	-0.0308	1.2830	0.0738	0.7020
1.4090	9102898.4255	-0.0305	1.2763	0.0730	0.7048
1.4190	9102917.5745	-0.0316	1.2653	0.0717	0.7158
1.4290	9102935.9149	-0.0336	1.2569	0.0701	0.7372
1.4390	9102955.0851	-0.0342	1.2518	0.0689	0.7338
1.4490	9102974.0851	-0.0342	1.2432	0.0680	0.7512
1.4590	9102992.7447	-0.0350	1.2375	0.0693	0.7559
1.4690	9103011.5745	-0.0354	1.2300	0.0687	0.7480
1.4790	9103030.0851	-0.0365	1.2201	0.0665	0.7613
1.4890	9103048.8936	-0.0373	1.2106	0.0667	0.7827
1.4990	9103066.7872	-0.0362	1.2035	0.0650	0.7631
1.5090	9103086.4043	-0.0385	1.1953	0.0632	0.7738
1.5190	9103105.9787	-0.0390	1.1851	0.0626	0.7860
1.5290	9103124.7447	-0.0394	1.1759	0.0616	0.7919
1.5390	9103143.4255	-0.0400	1.1691	0.0619	0.7965
1.5490	9103161.6383	-0.0380	1.1591	0.0611	0.7946
1.5590	9103180.5745	-0.0403	1.1510	0.0604	0.8101
1.5690	9103199.5745	-0.0413	1.1446	0.0591	0.8128
1.5790	9103218.7021	-0.0415	1.1349	0.0581	0.8101
1.5890	9103237.1277	-0.0422	1.1265	0.0565	0.8218
1.5990	9103256.3617	-0.0418	1.1210	0.0560	0.8338
1.6090	9103275.2553	-0.0425	1.1115	0.0553	0.8187
1.6190	9103294.8085	-0.0425	1.0996	0.0558	0.8305
1.6290	9103313.6383	-0.0416	1.0905	0.0546	0.8328
1.6390	9103332.8723	-0.0437	1.0868	0.0528	0.8240
1.6490	9103351.7021	-0.0433	1.0731	0.0523	0.8433
1.6590	9103370.7021	-0.0444	1.0669	0.0505	0.8423
1.6690	9103388.4043	-0.0446	1.0613	0.0490	0.8443
1.6790	9103408.2553	-0.0455	1.0509	0.0489	0.8567
1.6890	9103426.8723	-0.0454	1.0497	0.0486	0.8553
1.6990	9103446.2553	-0.0452	1.0386	0.0492	0.8610
1.7090	9103464.0851	-0.0450	1.0310	0.0479	0.8668
1.7190	9103483.7447	-0.0459	1.0249	0.0470	0.8751
1.7290	9103502.4255	-0.0456	1.0213	0.0461	0.8687
1.7390	9103521.9149	-0.0461	1.0116	0.0444	0.8664
1.7490	9103541.2553	-0.0464	0.9993	0.0431	0.8756
1.7590	9103560.2553	-0.0467	0.9957	0.0431	0.8762
1.7690	9103578.6383	-0.0474	0.9843	0.0426	0.8941
1.7790	9103597.2553	-0.0462	0.9823	0.0431	0.8727
1.7890	9103616.2553	-0.0462	0.9716	0.0420	0.8880
1.7990	9103634.8511	-0.0460	0.9637	0.0408	0.8790
1.8090	9103653.9149	-0.0477	0.9560	0.0400	0.8900
1.8190	9103674.0851	-0.0478	0.9499	0.0392	0.8923
1.8290	9103691.8936	-0.0479	0.9446	0.0375	0.8960
1.8390	9103710.4255	-0.0482	0.9397	0.0375	0.8918
1.8490	9103729.0851	-0.0479	0.9320	0.0380	0.9046
1.8590	9103749.1915	-0.0472	0.9240	0.0370	0.8966
1.8690	9103767.9149	-0.0482	0.9136	0.0366	0.9073
1.8790	9103787.3191	-0.0481	0.9097	0.0352	0.9040
1.8890	9103805.4043	-0.0490	0.9022	0.0337	0.9021
1.8990	9103824.5319	-0.0479	0.8931	0.0335	0.9003
1.9090	9103842.9149	-0.0484	0.8872	0.0326	0.9012
1.9190	9103861.5319	-0.0485	0.8812	0.0327	0.9068
1.9290	9103880.8723	-0.0488	0.8749	0.0320	0.9101
1.9390	9103900.2660	-0.0478	0.8676	0.0322	0.9087
1.9490	9103919.3936	-0.0476	0.8616	0.0312	0.9139
1.9590	9103937.5319	-0.0481	0.8553	0.0302	0.9053
1.9690	9103955.8936	-0.0487	0.8469	0.0289	0.9104
1.9790	9103975.3404	-0.0488	0.8390	0.0281	0.9152
1.9890	9103994.4043	-0.0473	0.8331	0.0279	0.9130
1.9990	9104013.3298	-0.0484	0.8284	0.0275	0.9104
2.0090	9104032.1596	-0.0486	0.8196	0.0276	0.9109
2.0190	9104050.4043	-0.0471	0.8128	0.0275	0.9176
2.0290	9104069.5532	-0.0481	0.8090	0.0260	0.9116
2.0390	9104088.6702	-0.0485	0.8017	0.0247	0.9138
2.0490	9104108.1596	-0.0475	0.7948	0.0248	0.9186
2.0590	9104126.4043	-0.0475	0.7916	0.0245	0.9093
2.0690	9104146.0106	-0.0480	0.7819	0.0234	0.9226
2.0790	9104164.6702	-0.0476	0.7777	0.0229	0.9235
2.0890	9104184.0638	-0.0474	0.7732	0.0239	0.9235
2.0990	9104202.2766	-0.0480	0.7673	0.0227	0.9177
2.1090	9104220.8404	-0.0476	0.7608	0.0219	0.9156
2.1190	9104240.0106	-0.0469	0.7554	0.0215	0.9116
2.1290	9104259.0106	-0.0470	0.7468	0.0204	0.9219
2.1390	9104277.2340	-0.0480	0.7433	0.0196	0.9113
2.1490	9104296.3723	-0.0472	0.7360	0.0201	0.9161
2.1590	9104315.2660	-0.0479	0.7301	0.0190	0.9192
2.1690	9104335.0532	-0.0468	0.7274	0.0198	0.9074
2.1790	9104354.5319	-0.0461	0.7171	0.0192	0.9136
2.1890	9104372.5745	-0.0471	0.7136	0.0177	0.9072
2.1990	9104391.6596	-0.0473	0.7035	0.0165	0.9099
2.2090	9104411.4255	-0.0465	0.6977	0.0160	0.9103
2.2190	9104430.1915	-0.0464	0.6959	0.0158	0.9139
2.2290	9104448.7021	-0.0459	0.6907	0.0165	0.9139
2.2390	9104467.3936	-0.0465	0.6871	0.0162	0.9163
2.2490	9104486.7340	-0.0460	0.6824	0.0160	0.9106
2.2590	9104505.0426	-0.0464	0.6760	0.0145	0.9054
2.2690	9104524.0851	-0.0451	0.6690	0.0144	0.9142
2.2790	9104543.3617	-0.0463	0.6651	0.0130	0.9177
2.2890	9104563.0213	-0.0456	0.6628	0.0139	0.9118
2.2990	9104582.1064	-0.0456	0.6575	0.0131	0.9110
2.3090	9104600.3617	-0.0454	0.6520	0.0135	0.9097
2.3190	9104619.8723	-0.0451	0.6446	0.0129	0.9055
2.3290	9104637.5638	-0.0447	0.6393	0.0128	0.9069
2.3390	9104657.0532	-0.0452	0.6356	0.0117	0.9098
2.3490	9104675.6170	-0.0446	0.6289	0.0111	0.9061
2.3590	9104694.4255	-0.0453	0.6256	0.0096	0.9071
2.3690	9104712.4468	-0.0445	0.6207	0.0104	0.9059
2.3790	9104732.5319	-0.0437	0.6167	0.0104	0.8978
2.3890	9104750.6170	-0.0440	0.6099	0.0107	0.9040
2.3990	9104769.7660	-0.0446	0.6054	0.0096	0.9013
2.4090	9104788.3936	-0.0436	0.6005	0.0098	0.9003
2.4190	9104807.5638	-0.0438	0.5958	0.0088	0.8984
2.4290	9104825.7340	-0.0433	0.5910	0.0079	0.8967
2.4390	9104844.2447	-0.0436	0.5860	0.0072	0.9041
2.4490	9104863.1915	-0.0432	0.5834	0.0073	0.8982
2.4590	9104883.2447	-0.0430	0.5789	0.0078	0.8988
2.4690	9104901.5319	-0.0434	0.5735	0.0074	0.8972
2.4790	9104921.0745	-0.0425	0.5692	0.0074	0.8948
2.4890	9104938.7872	-0.0428	0.5646	0.0065	0.8918
2.4990	9104958.0745	-0.0422	0.5605	0.0063	0.8899
2.5090	9104977.4468	-0.0422	0.5549	0.0054	0.8902
2.5190	9104996.0745	-0.0420	0.5513	0.0055	0.8889
2.5290	9105014.5851	-0.0423	0.5468	0.0050	0.8880
2.5390	9105033.5851	-0.0417	0.5414	0.0052	0.8877
2.5490	9105052.5851	-0.0412	0.5381	0.0058	0.8876
2.5590	9105071.5745	-0.0421	0.5344	0.0042	0.8890
2.5690	9105090.2553	-0.0413	0.5299	0.0040	0.8888
2.5790	9105109.5851	-0.0410	0.5254	0.0033	0.8786
2.5890	9105128.5426	-0.0406	0.5211	0.0030	0.8834
2.5990	9105148.0319	-0.0417	0.5186	0.0021	0.8832
2.6090	9105165.9043	-0.0408	0.5145	0.0036	0.8842
2.6190	9105184.1596	-0.0410	0.5091	0.0026	0.8824
2.6290	9105202.9894	-0.0401	0.5037	0.0029	0.8777
2.6390	9105221.7660	-0.0399	0.5017	0.0027	0.8733
2.6490	9105241.4894	-0.0399	0.4976	0.0021	0.8740
2.6590	9105260.1809	-0.0402	0.4926	0.0012	0.8773
2.6690	9105278.1915	-0.0398	0.4890	0.0007	0.8739
2.6790	9105297.9574	-0.0396	0.4875	0.0009	0.8682
2.6890	9105317.0638	-0.0397	0.4827	0.0006	0.8709
2.6990	9105335.8723	-0.0393	0.4790	0.0013	0.8706
2.7090	9105354.3617	-0.0388	0.4767	0.0014	0.8705
2.7190	9105373.5319	-0.0389	0.4728	0.0005	0.8682
2.7290	9105392.1489	-0.0388	0.4704	0.0003	0.8656
2.7390	9105411.5319	-0.0382	0.4634	-0.0005	0.8679
2.7490	9105430.4043	-0.0382	0.4610	-0.0005	0.8704
2.7590	9105449.8830	-0.0393	0.4603	-0.0019	0.8672
2.7690	9105468.7021	-0.0384	0.4564	-0.0005	0.8640
2.7790	9105487.8723	-0.0383	0.4529	-0.0012	0.8620
2.7890	9105506.2234	-0.0378	0.4480	-0.0010	0.8581
2.7990	9105524.7021	-0.0374	0.4446	-0.0008	0.8577
2.8090	9105544.0319	-0.0376	0.4407	-0.0020	0.8542
2.8190	9105562.9043	-0.0376	0.4370	-0.0026	0.8539
2.8290	9105582.2128	-0.0370	0.4332	-0.0023	0.8593
2.8390	9105600.8723	-0.0372	0.4323	-0.0020	0.8557
2.8490	9105619.7021	-0.0368	0.4283	-0.0023	0.8512
2.8590	9105638.5106	-0.0367	0.4241	-0.0018	0.8498
2.8690	9105656.9043	-0.0363	0.4211	-0.0017	0.8469
2.8790	9105676.5745	-0.0362	0.4173	-0.0028	0.8432
2.8890	9105694.5532	-0.0363	0.4143	-0.0038	0.8459
2.8990	9105713.8723	-0.0360	0.4113	-0.0040	0.8426
2.9090	9105733.7128	-0.0363	0.4083	-0.0043	0.8409
2.9190	9105752.5638	-0.0355	0.4040	-0.0034	0.8421
2.9290	9105770.8298	-0.0356	0.4024	-0.0033	0.8409
2.9390	9105789.4787	-0.0354	0.3983	-0.0034	0.8384
2.9490	9105808.9894	-0.0355	0.3952	-0.0041	0.8368
2.9590	9105827.9043	-0.0351	0.3931	-0.0045	0.8345
2.9690	9105846.6702	-0.0347	0.3884	-0.0053	0.8320
2.9790	9105865.6702	-0.0349	0.3860	-0.0057	0.8340
2.9890	9105885.1809	-0.0348	0.3842	-0.0056	0.8290
2.9990	9105903.7021	-0.0346	0.3801	-0.0048	0.8296
3.0090	9105922.2128	-0.0343	0.3777	-0.0047	0.8290
3.0190	9105941.3191	-0.0343	0.3757	-0.0051	0.8277
3.0290	9105960.7340	-0.0343	0.3728	-0.0049	0.8256
3.0390	9105979.6489	-0.0340	0.3697	-0.0059	0.8222
3.0490	9105998.0000	-0.0338	0.3670	-0.0064	0.8207
3.0590	9106017.3298	-0.0340	0.3638	-0.0067	0.8244
3.0690	9106035.9149	-0.0337	0.3615	-0.0069	0.8195
3.0790	9106054.8298	-0.0335	0.3578	-0.0062	0.8166
3.0890	9106073.5532	-0.0334	0.3560	-0.0064	0.8174
3.0990	9106093.2340	-0.0328	0.3523	-0.0060	0.8123
3.1090	9106112.7021	-0.0329	0.3501	-0.0067	0.8143
3.1190	9106131.6596	-0.0323	0.3465	-0.0067	0.8083
3.1290	9106150.1915	-0.0325	0.3440	-0.0073	0.8101
3.1390	9106169.1702	-0.0323	0.3409	-0.0076	0.8119
3.1490	9106188.0745	-0.0325	0.3386	-0.0072	0.8081
3.1590	9106208.3404	-0.0319	0.3361	-0.0066	0.8072
3.1690	9106225.8936	-0.0320	0.3333	-0.0069	0.8028
3.1790	9106244.5319	-0.0316	0.3309	-0.0068	0.8050
3.1890	9106263.2447	-0.0317	0.3281	-0.0080	0.8001
3.1990	9106282.2128	-0.0318	0.3262	-0.0083	0.7982
3.2090	9106301.0000	-0.0311	0.3225	-0.0088	0.7985
3.2190	9106319.4043	-0.0310	0.3206	-0.0080	0.7993
3.2290	9106338.8723	-0.0311	0.3188	-0.0079	0.7959
3.2390	9106357.8298	-0.0309	0.3164	-0.0077	0.7943
3.2490	9106377.3191	-0.0308	0.3136	-0.0078	0.7935
3.2590	9106395.3617	-0.0307	0.3113	-0.0082	0.7917
3.2690	9106414.8723	-0.0307	0.3098	-0.0084	0.7905
3.2790	9106433.7021	-0.0305	0.3075	-0.0090	0.7915
3.2890	9106453.3723	-0.0300	0.3051	-0.0086	0.7861
3.2990	9106471.8723	-0.0300	0.3021	-0.0088	0.7880
3.3090	9106490.7021	-0.0302	0.2994	-0.0090	0.7827
3.3190	9106509.7766	-0.0293	0.2969	-0.0076	0.7814
3.3290	9106528.7021	-0.0299	0.2948	-0.0089	0.7838
3.3390	9106548.6277	-0.0295	0.2927	-0.0089	0.7801
3.3490	9106566.7021	-0.0293	0.2898	-0.0097	0.7771
3.3590	9106585.2234	-0.0292	0.2880	-0.0097	0.7768
3.3690	9106604.2128	-0.0290	0.2854	-0.0097	0.7748
3.3790	9106622.7234	-0.0290	0.2835	-0.0098	0.7766
3.3890	9106641.3617	-0.0288	0.2808	-0.0096	0.7702
3.3990	9106660.1596	-0.0288	0.2778	-0.0098	0.7686
3.4090	9106679.7128	-0.0283	0.2763	-0.0093	0.7679
3.4190	9106698.9149	-0.0284	0.2748	-0.0100	0.7686
3.4290	9106717.1064	-0.0282	0.2724	-0.0105	0.7688
3.4390	9106736.2553	-0.0277	0.2708	-0.0102	0.7672
3.4490	9106756.8936	-0.0280	0.2679	-0.0105	0.7643
3.4590	9106776.0851	-0.0278	0.2662	-0.0104	0.7654
3.4690	9106795.5638	-0.0276	0.2639	-0.0097	0.7624
3.4790	9106813.8936	-0.0276	0.2615	-0.0099	0.7587
3.4890	9106831.7447	-0.0274	0.2597	-0.0102	0.7567
3.4990	9106850.4362	-0.0273	0.2575	-0.0109	0.7561
3.5090	9106870.2128	-0.0269	0.2549	-0.0114	0.7522
3.5190	9106889.3830	-0.0271	0.2531	-0.0113	0.7562
3.5290	9106908.5532	-0.0266	0.2512	-0.0107	0.7533
3.5390	9106927.7660	-0.0267	0.2497	-0.0108	0.7526
3.5490	9106945.9149	-0.0264	0.2475	-0.0100	0.7493
3.5590	9106964.3830	-0.0264	0.2456	-0.0101	0.7461
3.5690	9106983.2553	-0.0261	0.2430	-0.0105	0.7452
3.5790	9107001.9149	-0.0262	0.2417	-0.0116	0.7468
3.5890	9107021.5532	-0.0260	0.2402	-0.0113	0.7448
3.5990	9107041.2128	-0.0260	0.2385	-0.0110	0.7415
3.6090	9107059.4043	-0.0260	0.2359	-0.0111	0.7406
3.6190	9107079.4362	-0.0262	0.2348	-0.0115	0.7429
3.6290	9107097.3830	-0.0257	0.2336	-0.0103	0.7353
3.6390	9107117.0638	-0.0254	0.2303	-0.0107	0.7362
3.6490	9107135.5745	-0.0257	0.2290	-0.0122	0.7366
3.6590	9107154.2553	-0.0254	0.2279	-0.0115	0.7371
3.6690	9107173.0638	-0.0251	0.2262	-0.0118	0.7370
3.6790	9107191.9149	-0.0249	0.2234	-0.0112	0.7341
3.6890	9107211.5532	-0.0256	0.2227	-0.0120	0.7298
3.6990	9107229.9149	-0.0249	0.2208	-0.0112	0.7291
3.7090	9107248.9149	-0.0246	0.2188	-0.0114	0.7283
3.7190	9107268.4255	-0.0252	0.2180	-0.0118	0.7241
3.7290	9107286.2553	-0.0251	0.2157	-0.0119	0.7250
3.7390	9107304.9149	-0.0251	0.2148	-0.0122	0.7235
3.7490	9107324.0638	-0.0244	0.2116	-0.0124	0.7250
3.7590	9107342.2553	-0.0243	0.2103	-0.0118	0.7218
3.7690	9107362.4255	-0.0240	0.2083	-0.0120	0.7208
3.7790	9107381.0851	-0.0237	0.2061	-0.0113	0.7186
3.7890	9107399.3830	-0.0237	0.2048	-0.0116	0.7180
3.7990	9107418.0851	-0.0236	0.2036	-0.0122	0.7152
3.8090	9107436.8936	-0.0234	0.2008	-0.0126	0.7135
3.8190	9107455.9149	-0.0233	0.1993	-0.0129	0.7117
3.8290	9107474.5957	-0.0232	0.1978	-0.0128	0.7119
3.8390	9107492.7447	-0.0230	0.1967	-0.0120	0.7122
3.8490	9107512.5532	-0.0232	0.1948	-0.0129	0.7115
3.8590	9107531.4043	-0.0231	0.1935	-0.0125	0.7072
3.8690	9107550.4043	-0.0229	0.1914	-0.0125	0.7057
3.8790	9107569.7234	-0.0227	0.1902	-0.0126	0.7019
3.8890	9107589.5319	-0.0226	0.1882	-0.0130	0.7039
3.8990	9107607.7234	-0.0225	0.1872	-0.0133	0.7057
3.9090	9107626.4255	-0.0224	0.1863	-0.0131	0.7031
3.9190	9107645.4255	-0.0226	0.1840	-0.0130	0.7037
3.9290	9107664.4255	-0.0224	0.1832	-0.0124	0.7018
3.9390	9107683.7234	-0.0221	0.1814	-0.0125	0.6990
3.9490	9107702.0638	-0.0219	0.1797	-0.0124	0.6977
3.9590	9107719.9149	-0.0217	0.1783	-0.0130	0.6936
3.9690	9107739.8936	-0.0220	0.1770	-0.0135	0.6959
3.9790	9107758.7234	-0.0212	0.1749	-0.0132	0.6946
3.9890	9107777.7234	-0.0215	0.1741	-0.0132	0.6937
3.9990	9107797.5957	-0.0213	0.1721	-0.0132	0.6922
4.0090	9107816.5532	-0.0216	0.1712	-0.0130	0.6896
4.0190	9107835.5532	-0.0213	0.1693	-0.0126	0.6874
4.0290	9107853.7234	-0.0212	0.1681	-0.0131	0.6861
4.0390	9107872.5426	-0.0213	0.1669	-0.0134	0.6841
4.0490	9107891.7234	-0.0212	0.1651	-0.0138	0.6829
4.0590	9107911.2340	-0.0208	0.1635	-0.0137	0.6836
4.0690	9107929.9149	-0.0207	0.1627	-0.0131	0.6809
4.0790	9107947.4255	-0.0208	0.1606	-0.0136	0.6805
4.0890	9107966.7234	-0.0207	0.1601	-0.0129	0.6809
4.0990	9107986.5319	-0.0208	0.1586	-0.0132	0.6771
4.1090	9108005.8723	-0.0209	0.1570	-0.0132	0.6776
4.1190	9108023.8936	-0.0204	0.1557	-0.0135	0.6748
4.1290	9108042.8936	-0.0205	0.1541	-0.0138	0.6741
4.1390	9108061.4255	-0.0199	0.1529	-0.0133	0.6764
4.1490	9108080.2340	-0.0201	0.1524	-0.0135	0.6732
4.1590	9108099.7660	-0.0203	0.1505	-0.0139	0.6715
4.1690	9108117.7447	-0.0197	0.1493	-0.0133	0.6684
4.1790	9108136.8936	-0.0199	0.1480	-0.0137	0.6660
4.1890	9108155.0638	-0.0194	0.1469	-0.0137	0.6655
4.1990	9108174.0426	-0.0195	0.1453	-0.0138	0.6654
4.2090	9108193.7021	-0.0195	0.1443	-0.0142	0.6634
4.2190	9108213.0638	-0.0194	0.1431	-0.0142	0.6623
4.2290	9108232.2872	-0.0192	0.1413	-0.0137	0.6616
4.2390	9108251.8936	-0.0193	0.1404	-0.0134	0.6602
4.2490	9108269.9362	-0.0192	0.1391	-0.0129	0.6592
4.2590	9108289.0638	-0.0190	0.1383	-0.0134	0.6589
4.2690	9108307.9468	-0.0189	0.1369	-0.0137	0.6576
4.2790	9108326.3830	-0.0188	0.1357	-0.0146	0.6562
4.2890	9108344.8936	-0.0189	0.1342	-0.0147	0.6551
4.2990	9108364.6383	-0.0187	0.1333	-0.0142	0.6547
4.3090	9108382.6064	-0.0184	0.1321	-0.0134	0.6520
4.3190	9108402.4574	-0.0187	0.1306	-0.0137	0.6516
4.3290	9108420.9468	-0.0186	0.1300	-0.0134	0.6508
4.3390	9108440.2553	-0.0183	0.1282	-0.0143	0.6475
4.3490	9108459.4255	-0.0182	0.1269	-0.0141	0.6467
4.3590	9108479.0638	-0.0182	0.1262	-0.0146	0.6469
4.3690	9108497.2872	-0.0181	0.1247	-0.0143	0.6456
4.3790	9108515.5532	-0.0180	0.1236	-0.0138	0.6471
4.3890	9108535.1915	-0.0180	0.1228	-0.0135	0.6449
4.3990	9108553.2979	-0.0179	0.1219	-0.0135	0.6441
4.4090	9108572.8723	-0.0178	0.1211	-0.0144	0.6438
4.4190	9108591.1277	-0.0177	0.1198	-0.0146	0.6411
4.4290	9108609.2872	-0.0176	0.1182	-0.0143	0.6378
4.4390	9108628.5957	-0.0174	0.1173	-0.0146	0.6369
4.4490	9108647.7766	-0.0174	0.1160	-0.0144	0.6358
4.4590	9108667.4255	-0.0173	0.1150	-0.0137	0.6341
4.4690	9108686.6383	-0.0172	0.1139	-0.0136	0.6344
4.4790	9108705.7766	-0.0173	0.1130	-0.0136	0.6324
4.4890	9108724.1170	-0.0171	0.1121	-0.0140	0.6300
4.4990	9108743.7660	-0.0169	0.1104	-0.0144	0.6300
4.5090	9108763.2872	-0.0167	0.1097	-0.0143	0.6303
4.5190	9108781.7766	-0.0168	0.1083	-0.0142	0.6276
4.5290	9108800.4255	-0.0167	0.1072	-0.0146	0.6244
4.5390	9108819.7766	-0.0168	0.1063	-0.0140	0.6248
4.5490	9108838.2872	-0.0166	0.1053	-0.0139	0.6241
4.5590	9108856.2872	-0.0165	0.1049	-0.0137	0.6232
4.5690	9108875.7660	-0.0166	0.1037	-0.0145	0.6220
4.5790	9108895.7660	-0.0163	0.1023	-0.0143	0.6211
4.5890	9108914.7766	-0.0163	0.1015	-0.0146	0.6194
4.5990	9108932.6064	-0.0163	0.1003	-0.0149	0.6189
4.6090	9108951.9362	-0.0162	0.0994	-0.0144	0.6163
4.6190	9108971.2872	-0.0161	0.0988	-0.0138	0.6169
4.6290	9108990.7766	-0.0160	0.0978	-0.0141	0.6150
4.6390	9109009.6277	-0.0159	0.0967	-0.0145	0.6128
4.6490	9109028.4255	-0.0157	0.0958	-0.0142	0.6108
4.6590	9109047.6064	-0.0157	0.0943	-0.0149	0.6126
4.6690	9109066.1170	-0.0156	0.0941	-0.0150	0.6132
4.6790	9109084.9362	-0.0155	0.0928	-0.0147	0.6109
4.6890	9109103.7660	-0.0155	0.0922	-0.0142	0.6097
4.6990	9109121.9468	-0.0156	0.0909	-0.0146	0.6095
4.7090	9109141.2553	-0.0154	0.0902	-0.0138	0.6072
4.7190	9109159.9468	-0.0153	0.0897	-0.0143	0.6049
4.7290	9109178.9362	-0.0151	0.0882	-0.0141	0.6039
4.7390	9109199.1064	-0.0151	0.0870	-0.0151	0.6043
4.7490	9109217.4255	-0.0151	0.0861	-0.0149	0.6042
4.7590	9109237.1170	-0.0151	0.0855	-0.0144	0.6016
4.7690	9109255.0851	-0.0152	0.0837	-0.0141	0.5993
4.7790	9109274.2447	-0.0151	0.0830	-0.0141	0.6014
4.7890	9109292.9362	-0.0149	0.0830	-0.0146	0.5982
4.7990	9109312.7660	-0.0148	0.0809	-0.0143	0.5979
4.8090	9109331.7766	-0.0148	0.0803	-0.0151	0.5974
4.8190	9109349.2553	-0.0147	0.0803	-0.0151	0.5969
4.8290	9109368.7660	-0.0148	0.0781	-0.0147	0.5944
4.8390	9109386.6277	-0.0147	0.0771	-0.0141	0.5926
4.8490	9109405.4255	-0.0145	0.0774	-0.0140	0.5904
4.8590	9109424.2553	-0.0145	0.0755	-0.0137	0.5918
4.8690	9109443.4574	-0.0147	0.0739	-0.0142	0.5916
4.8790	9109462.2872	-0.0148	0.0727	-0.0145	0.5902
4.8890	9109482.1064	-0.0144	0.0728	-0.0146	0.5884
4.8990	9109499.9362	-0.0145	0.0703	-0.0148	0.5875
4.9090	9109519.5851	-0.0142	0.0714	-0.0143	0.5859
4.9190	9109538.4574	-0.0144	0.0699	-0.0148	0.5865
4.9290	9109556.9468	-0.0141	0.0701	-0.0141	0.5843
4.9390	9109575.9468	-0.0140	0.0693	-0.0137	0.5824
4.9490	9109595.4255	-0.0139	0.0689	-0.0143	0.5820
4.9590	9109613.1489	-0.0136	0.0687	-0.0144	0.5797
4.9690	9109632.7660	-0.0138	0.0661	-0.0147	0.5783
4.9790	9109651.1170	-0.0136	0.0661	-0.0150	0.5790
4.9890	9109669.9362	-0.0136	0.0658	-0.0146	0.5775
4.9990	9109689.7979	-0.0136	0.0650	-0.0142	0.5768
5.0090	9109708.9043	-0.0136	0.0646	-0.0141	0.5755
5.0190	9109726.9468	-0.0136	0.0625	-0.0140	0.5750
5.0290	9109745.6277	-0.0135	0.0624	-0.0145	0.5739
5.0390	9109764.4574	-0.0133	0.0613	-0.0149	0.5728
5.0490	9109783.1170	-0.0133	0.0602	-0.0150	0.5723
5.0590	9109802.1064	-0.0132	0.0597	-0.0147	0.5718
5.0690	9109821.6277	-0.0131	0.0601	-0.0146	0.5713
5.0790	9109840.2766	-0.0132	0.0582	-0.0141	0.5691
5.0890	9109859.7660	-0.0132	0.0573	-0.0136	0.5680
5.0990	9109879.1170	-0.0130	0.0578	-0.0139	0.5673
5.1090	9109897.2553	-0.0131	0.0543	-0.0142	0.5669
5.1190	9109915.4255	-0.0130	0.0544	-0.0146	0.5657
5.1290	9109934.7660	-0.0128	0.0547	-0.0149	0.5628
5.1390	9109953.4255	-0.0126	0.0537	-0.0146	0.5600
5.1490	9109972.2553	-0.0128	0.0515	-0.0139	0.5596
5.1590	9109991.2660	-0.0128	0.0524	-0.0141	0.5611
5.1690	9110010.7660	-0.0126	0.0520	-0.0138	0.5601
5.1790	9110029.5957	-0.0126	0.0510	-0.0143	0.5595
5.1890	9110049.1064	-0.0124	0.0496	-0.0146	0.5577
5.1990	9110066.5957	-0.0124	0.0492	-0.0146	0.5571
5.2090	9110086.1064	-0.0123	0.0489	-0.0145	0.5552
5.2190	9110104.7979	-0.0124	0.0480	-0.0148	0.5550
5.2290	9110124.6170	-0.0123	0.0474	-0.0142	0.5547
5.2390	9110142.2766	-0.0123	0.0467	-0.0140	0.5538
5.2490	9110161.5851	-0.0121	0.0468	-0.0138	0.5524
5.2590	9110180.1064	-0.0122	0.0448	-0.0146	0.5513
5.2690	9110199.7553	-0.0118	0.0452	-0.0143	0.5507
5.2790	9110218.2766	-0.0119	0.0441	-0.0143	0.5501
5.2890	9110236.9362	-0.0117	0.0444	-0.0151	0.5498
5.2990	9110255.6277	-0.0117	0.0438	-0.0144	0.5487
5.3090	9110274.1064	-0.0118	0.0431	-0.0140	0.5472
5.3190	9110293.4149	-0.0117	0.0424	-0.0142	0.5464
5.3290	9110313.1064	-0.0116	0.0420	-0.0137	0.5447
5.3390	9110331.9362	-0.0116	0.0414	-0.0144	0.5434
5.3490	9110350.5851	-0.0113	0.0401	-0.0144	0.5425
5.3590	9110369.2872	-0.0113	0.0398	-0.0146	0.5417
5.3690	9110387.9362	-0.0113	0.0390	-0.0147	0.5413
5.3790	9110406.7660	-0.0114	0.0386	-0.0147	0.5421
5.3890	9110425.9362	-0.0114	0.0379	-0.0140	0.5390
5.3990	9110444.7660	-0.0112	0.0373	-0.0140	0.5379
5.4090	9110463.6277	-0.0112	0.0365	-0.0142	0.5365
5.4190	9110482.7660	-0.0111	0.0364	-0.0146	0.5360
5.4290	9110501.5851	-0.0109	0.0356	-0.0146	0.5350
5.4390	9110520.2553	-0.0110	0.0344	-0.0146	0.5335
5.4490	9110539.5957	-0.0109	0.0342	-0.0143	0.5353
5.4590	9110558.7660	-0.0110	0.0337	-0.0145	0.5343
5.4690	9110577.4149	-0.0109	0.0328	-0.0138	0.5340
5.4790	9110596.5851	-0.0110	0.0327	-0.0141	0.5337
5.4890	9110615.2766	-0.0107	0.0323	-0.0143	0.5320
5.4990	9110633.8298	-0.0106	0.0316	-0.0143	0.5313
5.5090	9110653.5851	-0.0105	0.0309	-0.0144	0.5292
5.5190	9110672.5106	-0.0106	0.0298	-0.0145	0.5289
5.5290	9110691.6596	-0.0105	0.0295	-0.0141	0.5291
5.5390	9110709.3404	-0.0105	0.0287	-0.0138	0.5257
5.5490	9110728.6596	-0.0105	0.0285	-0.0139	0.5259
5.5590	9110748.9149	-0.0104	0.0276	-0.0137	0.5253
5.5690	9110767.5106	-0.0104	0.0274	-0.0146	0.5242
5.5790	9110786.0000	-0.0102	0.0268	-0.0143	0.5213
5.5890	9110805.4894	-0.0102	0.0259	-0.0145	0.5228
5.5990	9110824.5851	-0.0102	0.0254	-0.0143	0.5220
5.6090	9110843.1702	-0.0101	0.0250	-0.0138	0.5190
5.6190	9110862.6809	-0.0101	0.0240	-0.0137	0.5181
5.6290	9110880.6596	-0.0101	0.0238	-0.0138	0.5183
5.6390	9110899.8298	-0.0099	0.0232	-0.0139	0.5164
5.6490	9110919.1702	-0.0099	0.0227	-0.0145	0.5163
5.6590	9110938.8298	-0.0099	0.0222	-0.0144	0.5166
5.6690	9110956.1702	-0.0099	0.0214	-0.0148	0.5163
5.6790	9110975.9787	-0.0098	0.0207	-0.0144	0.5142
5.6890	9110994.5106	-0.0098	0.0206	-0.0140	0.5147
5.6990	9111013.8298	-0.0098	0.0197	-0.0139	0.5118
5.7090	9111032.0000	-0.0098	0.0195	-0.0140	0.5112
5.7190	9111051.4894	-0.0096	0.0188	-0.0137	0.5094
5.7290	9111070.8298	-0.0096	0.0185	-0.0144	0.5092
5.7390	9111089.1702	-0.0094	0.0177	-0.0142	0.5097
5.7490	9111108.0000	-0.0095	0.0168	-0.0142	0.5070
5.7590	9111126.4894	-0.0094	0.0166	-0.0143	0.5087
5.7690	9111145.3404	-0.0095	0.0160	-0.0139	0.5069
5.7790	9111164.3191	-0.0094	0.0152	-0.0137	0.5037
5.7890	9111183.8298	-0.0094	0.0151	-0.0137	0.5032
5.7990	9111202.1702	-0.0093	0.0147	-0.0138	0.5030
5.8090	9111221.3404	-0.0092	0.0140	-0.0140	0.5032
5.8190	9111240.3404	-0.0092	0.0134	-0.0141	0.5029
5.8290	9111258.6596	-0.0091	0.0128	-0.0145	0.5024
5.8390	9111277.8511	-0.0092	0.0122	-0.0141	0.5014
5.8490	9111297.0000	-0.0092	0.0124	-0.0135	0.5013
5.8590	9111315.1702	-0.0092	0.0117	-0.0139	0.4985
5.8690	9111334.8298	-0.0090	0.0105	-0.0142	0.4959
5.8790	9111354.1702	-0.0089	0.0107	-0.0141	0.4974
5.8890	9111373.0000	-0.0088	0.0101	-0.0145	0.4959
5.8990	9111391.3191	-0.0087	0.0094	-0.0139	0.4942
5.9090	9111411.0000	-0.0088	0.0091	-0.0135	0.4945
5.9190	9111430.3191	-0.0089	0.0081	-0.0137	0.4921
5.9290	9111448.0000	-0.0088	0.0085	-0.0138	0.4954
5.9390	9111467.6596	-0.0088	0.0076	-0.0136	0.4924
5.9490	9111486.6596	-0.0087	0.0074	-0.0136	0.4910
5.9590	9111504.6596	-0.0086	0.0068	-0.0141	0.4902
5.9690	9111522.3404	-0.0084	0.0065	-0.0141	0.4905
5.9790	9111541.6596	-0.0085	0.0053	-0.0141	0.4877
5.9890	9111560.3191	-0.0085	0.0052	-0.0137	0.4898
5.9990	9111580.0000	-0.0086	0.0048	-0.0138	0.4897
6.0090	9111599.6809	-0.0085	0.0040	-0.0133	0.4875
6.0190	9111617.6596	-0.0086	0.0039	-0.0140	0.4883
6.0290	9111636.6596	-0.0084	0.0036	-0.0137	0.4837
6.0390	9111655.3404	-0.0082	0.0024	-0.0142	0.4839
6.0490	9111673.5106	-0.0081	0.0024	-0.0143	0.4826
6.0590	9111692.4894	-0.0082	0.0018	-0.0139	0.4830
6.0690	9111712.0000	-0.0082	0.0016	-0.0136	0.4799
6.0790	9111730.6596	-0.0082	0.0009	-0.0134	0.4801
6.0890	9111750.6596	-0.0082	0.0007	-0.0135	0.4791
6.0990	9111768.6596	-0.0081	0.0000	-0.0135	0.4800
6.1090	9111787.9787	-0.0080	-0.0004	-0.0138	0.4792
6.1190	9111807.0000	-0.0080	-0.0007	-0.0141	0.4769
6.1290	9111826.8298	-0.0079	-0.0014	-0.0141	0.4777
6.1390	9111843.8511	-0.0078	-0.0021	-0.0134	0.4763
6.1490	9111864.0000	-0.0079	-0.0022	-0.0138	0.4757
6.1590	9111883.6596	-0.0080	-0.0027	-0.0134	0.4754
6.1690	9111902.8511	-0.0080	-0.0030	-0.0136	0.4741
6.1790	9111921.6596	-0.0078	-0.0034	-0.0133	0.4727
6.1890	9111940.3404	-0.0077	-0.0041	-0.0140	0.4735
6.1990	9111959.3404	-0.0076	-0.0040	-0.0139	0.4712
6.2090	9111978.0000	-0.0076	-0.0051	-0.0137	0.4714
6.2190	9111997.0000	-0.0076	-0.0056	-0.0133	0.4715
6.2290	9112015.6596	-0.0077	-0.0061	-0.0134	0.4707
6.2390	9112034.9787	-0.0076	-0.0060	-0.0134	0.4681
6.2490	9112053.8511	-0.0076	-0.0067	-0.0132	0.4673
6.2590	9112071.6596	-0.0076	-0.0070	-0.0137	0.4675
6.2690	9112090.1702	-0.0074	-0.0073	-0.0140	0.4668
6.2790	9112109.4894	-0.0073	-0.0077	-0.0133	0.4668
6.2890	9112128.6596	-0.0073	-0.0084	-0.0140	0.4659
6.2990	9112147.4894	-0.0074	-0.0088	-0.0133	0.4650
6.3090	9112165.8511	-0.0074	-0.0097	-0.0133	0.4645
6.3190	9112185.3404	-0.0074	-0.0093	-0.0130	0.4626
6.3290	9112204.5106	-0.0073	-0.0100	-0.0133	0.4618
6.3390	9112223.3404	-0.0072	-0.0102	-0.0136	0.4608
6.3490	9112241.8511	-0.0071	-0.0111	-0.0139	0.4601
6.3590	9112260.6596	-0.0070	-0.0120	-0.0139	0.4598
6.3690	9112279.6596	-0.0071	-0.0118	-0.0136	0.4591
6.3790	9112298.8298	-0.0071	-0.0119	-0.0134	0.4586
6.3890	9112318.0000	-0.0070	-0.0124	-0.0131	0.4574
6.3990	9112336.0000	-0.0071	-0.0134	-0.0132	0.4568
6.4090	9112355.0000	-0.0070	-0.0132	-0.0133	0.4585
6.4190	9112374.3404	-0.0069	-0.0134	-0.0135	0.4567
6.4290	9112393.3404	-0.0068	-0.0140	-0.0137	0.4555
6.4390	9112411.3298	-0.0069	-0.0141	-0.0134	0.4549
6.4490	9112430.6809	-0.0068	-0.0148	-0.0133	0.4551
6.4590	9112450.3191	-0.0069	-0.0153	-0.0133	0.4540
6.4690	9112469.0000	-0.0069	-0.0155	-0.0133	0.4533
6.4790	9112488.4894	-0.0069	-0.0161	-0.0128	0.4520
6.4890	9112506.5106	-0.0067	-0.0158	-0.0135	0.4513
6.4990	9112525.4894	-0.0066	-0.0157	-0.0134	0.4489
6.5090	9112544.4894	-0.0066	-0.0168	-0.0138	0.4494
6.5190	9112563.6702	-0.0066	-0.0173	-0.0129	0.4490
6.5290	9112582.1702	-0.0066	-0.0182	-0.0134	0.4486
6.5390	9112601.0000	-0.0066	-0.0185	-0.0132	0.4480
6.5490	9112620.6702	-0.0066	-0.0182	-0.0129	0.4468
6.5590	9112639.8298	-0.0066	-0.0189	-0.0128	0.4466
6.5690	9112657.1702	-0.0065	-0.0189	-0.0132	0.4455
6.5790	9112677.1702	-0.0063	-0.0193	-0.0133	0.4450
6.5890	9112696.0000	-0.0063	-0.0196	-0.0134	0.4444
6.5990	9112714.6596	-0.0063	-0.0204	-0.0133	0.4448
6.6090	9112733.3404	-0.0065	-0.0204	-0.0131	0.4445
6.6190	9112752.6702	-0.0064	-0.0212	-0.0126	0.4420
6.6290	9112771.8404	-0.0064	-0.0210	-0.0131	0.4411
6.6390	9112790.6596	-0.0063	-0.0215	-0.0130	0.4409
6.6490	9112809.6702	-0.0062	-0.0220	-0.0133	0.4404
6.6590	9112828.4894	-0.0061	-0.0215	-0.0134	0.4388
6.6690	9112847.1702	-0.0061	-0.0228	-0.0133	0.4388
6.6790	9112865.8298	-0.0061	-0.0228	-0.0130	0.4389
6.6890	9112885.1702	-0.0062	-0.0230	-0.0131	0.4381
6.6990	9112903.8298	-0.0061	-0.0232	-0.0128	0.4367
6.7090	9112923.8298	-0.0061	-0.0237	-0.0128	0.4356
6.7190	9112941.6702	-0.0060	-0.0242	-0.0127	0.4348
6.7290	9112960.8404	-0.0059	-0.0243	-0.0134	0.4353
6.7390	9112980.1702	-0.0059	-0.0249	-0.0135	0.4338
6.7490	9112999.3298	-0.0058	-0.0249	-0.0130	0.4324
6.7590	9113018.4894	-0.0059	-0.0254	-0.0130	0.4341
6.7690	9113037.3298	-0.0060	-0.0257	-0.0127	0.4329
6.7790	9113055.8298	-0.0060	-0.0262	-0.0129	0.4327
6.7890	9113073.9894	-0.0059	-0.0263	-0.0126	0.4314
6.7990	9113092.1702	-0.0057	-0.0266	-0.0128	0.4310
6.8090	9113111.5106	-0.0056	-0.0271	-0.0132	0.4305
6.8190	9113130.8404	-0.0057	-0.0274	-0.0129	0.4304
6.8290	9113148.9894	-0.0056	-0.0276	-0.0130	0.4298
6.8390	9113168.6702	-0.0057	-0.0283	-0.0129	0.4286
6.8490	9113188.1596	-0.0058	-0.0284	-0.0126	0.4284
6.8590	9113207.9894	-0.0057	-0.0289	-0.0127	0.4258
6.8690	9113226.1702	-0.0056	-0.0287	-0.0129	0.4255
6.8790	9113244.5000	-0.0055	-0.0289	-0.0130	0.4255
6.8890	9113263.6596	-0.0054	-0.0300	-0.0128	0.4243
6.8990	9113282.0000	-0.0053	-0.0293	-0.0130	0.4240
6.9090	9113301.0000	-0.0054	-0.0302	-0.0128	0.4236
6.9190	9113319.0000	-0.0055	-0.0306	-0.0130	0.4236
6.9290	9113338.4894	-0.0054	-0.0304	-0.0125	0.4224
6.9390	9113356.8298	-0.0055	-0.0309	-0.0125	0.4209
6.9490	9113376.3404	-0.0054	-0.0309	-0.0124	0.4199
6.9590	9113393.8404	-0.0053	-0.0317	-0.0127	0.4186
6.9690	9113412.6702	-0.0052	-0.0314	-0.0130	0.4196
6.9790	9113431.6809	-0.0052	-0.0322	-0.0130	0.4181
6.9890	9113452.6702	-0.0053	-0.0321	-0.0128	0.4186
6.9990	9113470.8298	-0.0053	-0.0326	-0.0126	0.4184
7.0090	9113489.3298	-0.0053	-0.0324	-0.0126	0.4171
7.0190	9113507.6596	-0.0052	-0.0332	-0.0126	0.4166
7.0290	9113527.1596	-0.0051	-0.0332	-0.0127	0.4156
7.0390	9113546.5000	-0.0051	-0.0335	-0.0128	0.4152
7.0490	9113564.8298	-0.0049	-0.0338	-0.0130	0.4152
7.0590	9113584.4894	-0.0050	-0.0345	-0.0128	0.4137
7.0690	9113603.3404	-0.0050	-0.0347	-0.0125	0.4128
7.0790	9113622.1702	-0.0051	-0.0346	-0.0125	0.4133
7.0890	9113640.4894	-0.0051	-0.0355	-0.0125	0.4124
7.0990	9113659.8511	-0.0050	-0.0354	-0.0123	0.4128
7.1090	9113678.6596	-0.0050	-0.0354	-0.0128	0.4115
7.1190	9113697.5106	-0.0050	-0.0357	-0.0126	0.4105
7.1290	9113715.5106	-0.0048	-0.0361	-0.0125	0.4103
7.1390	9113734.8298	-0.0048	-0.0367	-0.0125	0.4093
7.1490	9113754.1702	-0.0048	-0.0365	-0.0122	0.4093
7.1590	9113773.0106	-0.0049	-0.0368	-0.0122	0.4077
7.1690	9113793.0000	-0.0050	-0.0373	-0.0122	0.4069
7.1790	9113811.6702	-0.0048	-0.0379	-0.0126	0.4049
7.1890	9113832.1596	-0.0047	-0.0373	-0.0128	0.4055
7.1990	9113850.5000	-0.0047	-0.0381	-0.0125	0.4052
7.2090	9113869.1702	-0.0046	-0.0383	-0.0125	0.4051
7.2190	9113887.5000	-0.0046	-0.0390	-0.0127	0.4034
7.2290	9113906.1702	-0.0047	-0.0386	-0.0124	0.4032
7.2390	9113926.1702	-0.0047	-0.0391	-0.0123	0.4022
7.2490	9113944.8404	-0.0046	-0.0391	-0.0125	0.4021
7.2590	9113962.5000	-0.0046	-0.0395	-0.0119	0.4017
7.2690	9113980.6702	-0.0044	-0.0395	-0.0124	0.4014
7.2790	9114000.3298	-0.0045	-0.0401	-0.0126	0.4011
7.2890	9114019.1702	-0.0045	-0.0404	-0.0122	0.4000
7.2990	9114037.8404	-0.0045	-0.0405	-0.0125	0.3993
7.3090	9114057.6596	-0.0045	-0.0413	-0.0123	0.3990
7.3190	9114076.1702	-0.0046	-0.0405	-0.0119	0.3983
7.3290	9114095.5000	-0.0044	-0.0419	-0.0123	0.3962
7.3390	9114114.3191	-0.0044	-0.0417	-0.0123	0.3972
7.3490	9114133.1702	-0.0043	-0.0415	-0.0123	0.3978
7.3590	9114152.8298	-0.0043	-0.0424	-0.0125	0.3975
7.3690	9114170.9894	-0.0043	-0.0425	-0.0124	0.3968
7.3790	9114194.5106	-0.0043	-0.0429	-0.0122	0.3945
7.3890	9114207.8298	-0.0044	-0.0428	-0.0122	0.3935
7.3990	9114227.3404	-0.0043	-0.0429	-0.0123	0.3933
7.4090	9114246.1702	-0.0044	-0.0430	-0.0120	0.3941
7.4190	9114265.8404	-0.0042	-0.0435	-0.0122	0.3915
7.4290	9114283.0000	-0.0041	-0.0436	-0.0123	0.3917
7.4390	9114302.6596	-0.0040	-0.0440	-0.0122	0.3906
7.4490	9114321.3404	-0.0041	-0.0443	-0.0121	0.3896
7.4590	9114340.8298	-0.0042	-0.0446	-0.0120	0.3903
7.4690	9114360.1596	-0.0041	-0.0451	-0.0122	0.3894
7.4790	9114378.3404	-0.0042	-0.0444	-0.0118	0.3906
7.4890	9114397.0000	-0.0042	-0.0450	-0.0120	0.3885
7.4990	9114416.0000	-0.0040	-0.0453	-0.0120	0.3884
7.5090	9114434.8298	-0.0039	-0.0462	-0.0121	0.3869
7.5190	9114453.5000	-0.0039	-0.0457	-0.0123	0.3867
7.5290	9114472.1702	-0.0039	-0.0463	-0.0122	0.3865
7.5390	9114491.3191	-0.0041	-0.0464	-0.0120	0.3862
7.5490	9114510.4894	-0.0040	-0.0466	-0.0120	0.3846
7.5590	9114529.0000	-0.0040	-0.0465	-0.0121	0.3852
7.5690	9114547.8298	-0.0039	-0.0473	-0.0122	0.3828
7.5790	9114567.4894	-0.0039	-0.0467	-0.0117	0.3839
7.5890	9114586.3191	-0.0037	-0.0474	-0.0121	0.3827
7.5990	9114605.5106	-0.0037	-0.0475	-0.0122	0.3842
7.6090	9114623.3404	-0.0038	-0.0486	-0.0119	0.3830
7.6190	9114642.8298	-0.0039	-0.0484	-0.0119	0.3820
7.6290	9114661.8298	-0.0038	-0.0487	-0.0117	0.3801
7.6390	9114680.3404	-0.0038	-0.0485	-0.0113	0.3793
7.6490	9114699.4894	-0.0037	-0.0488	-0.0116	0.3787
7.6590	9114718.6809	-0.0037	-0.0490	-0.0118	0.3780
7.6690	9114738.1702	-0.0036	-0.0489	-0.0122	0.3777
7.6790	9114757.0000	-0.0036	-0.0495	-0.0121	0.3776
7.6890	9114775.1489	-0.0036	-0.0499	-0.0118	0.3773
7.6990	9114793.6809	-0.0038	-0.0499	-0.0114	0.3767
7.7090	9114812.8511	-0.0037	-0.0506	-0.0117	0.3755
7.7190	9114832.3404	-0.0037	-0.0504	-0.0115	0.3753
7.7290	9114851.1702	-0.0036	-0.0499	-0.0114	0.3757
7.7390	9114869.8298	-0.0035	-0.0504	-0.0118	0.3743
7.7490	9114889.6809	-0.0035	-0.0507	-0.0118	0.3746
7.7590	9114908.6596	-0.0035	-0.0514	-0.0118	0.3742
7.7690	9114928.0000	-0.0034	-0.0515	-0.0119	0.3726
7.7790	9114946.3404	-0.0035	-0.0513	-0.0117	0.3725
7.7890	9114964.0000	-0.0036	-0.0518	-0.0112	0.3715
7.7990	9114983.8298	-0.0036	-0.0517	-0.0115	0.3714
7.8090	9115002.8298	-0.0034	-0.0518	-0.0118	0.3711
7.8190	9115020.6596	-0.0033	-0.0527	-0.0119	0.3701
7.8290	9115040.6596	-0.0033	-0.0522	-0.0118	0.3703
7.8390	9115059.3191	-0.0033	-0.0533	-0.0118	0.3686
7.8490	9115079.3404	-0.0034	-0.0531	-0.0115	0.3681
7.8590	9115097.1702	-0.0034	-0.0531	-0.0114	0.3679
7.8690	9115116.6596	-0.0034	-0.0531	-0.0114	0.3670
7.8790	9115135.0000	-0.0033	-0.0536	-0.0113	0.3668
7.8890	9115153.3191	-0.0032	-0.0535	-0.0119	0.3660
7.8990	9115171.3404	-0.0031	-0.0541	-0.0119	0.3654
7.9090	9115190.8298	-0.0032	-0.0542	-0.0116	0.3657
7.9190	9115210.0000	-0.0032	-0.0546	-0.0116	0.3657
7.9290	9115228.8298	-0.0033	-0.0549	-0.0112	0.3653
7.9390	9115247.6596	-0.0033	-0.0549	-0.0112	0.3655
7.9490	9115266.0000	-0.0032	-0.0549	-0.0116	0.3646
7.9590	9115284.6809	-0.0031	-0.0553	-0.0114	0.3631
7.9690	9115304.1702	-0.0030	-0.0552	-0.0119	0.3631
7.9790	9115323.8298	-0.0030	-0.0557	-0.0118	0.3614
7.9890	9115342.1702	-0.0031	-0.0562	-0.0112	0.3607
7.9990	9115361.1702	-0.0031	-0.0560	-0.0115	0.3607
8.0090	9115380.6596	-0.0032	-0.0565	-0.0110	0.3605
8.0190	9115399.8511	-0.0031	-0.0562	-0.0111	0.3601
8.0290	9115419.6596	-0.0030	-0.0564	-0.0113	0.3591
8.0390	9115437.4894	-0.0030	-0.0566	-0.0113	0.3599
8.0490	9115456.5106	-0.0028	-0.0571	-0.0119	0.3587
8.0590	9115475.8298	-0.0028	-0.0571	-0.0115	0.3578
8.0690	9115494.3404	-0.0028	-0.0577	-0.0115	0.3574
8.0790	9115512.0213	-0.0029	-0.0575	-0.0113	0.3569
8.0890	9115532.1702	-0.0030	-0.0577	-0.0114	0.3571
8.0990	9115551.0000	-0.0030	-0.0580	-0.0111	0.3554
8.1090	9115570.1702	-0.0029	-0.0577	-0.0114	0.3553
8.1190	9115588.0000	-0.0028	-0.0579	-0.0112	0.3555
8.1290	9115607.5106	-0.0027	-0.0585	-0.0116	0.3539
8.1390	9115626.4894	-0.0027	-0.0587	-0.0115	0.3550
8.1490	9115645.1702	-0.0028	-0.0587	-0.0110	0.3525
8.1590	9115664.3404	-0.0028	-0.0588	-0.0110	0.3534
8.1690	9115682.8298	-0.0029	-0.0590	-0.0110	0.3529
8.1790	9115701.6596	-0.0028	-0.0590	-0.0111	0.3515
8.1890	9115721.4894	-0.0027	-0.0591	-0.0114	0.3521
8.1990	9115740.4894	-0.0027	-0.0596	-0.0112	0.3514
8.2090	9115758.1702	-0.0025	-0.0599	-0.0116	0.3514
8.2190	9115777.5106	-0.0026	-0.0600	-0.0113	0.3504
8.2290	9115797.1702	-0.0028	-0.0597	-0.0108	0.3496
8.2390	9115816.4894	-0.0027	-0.0605	-0.0109	0.3488
8.2490	9115834.3404	-0.0028	-0.0605	-0.0107	0.3483
8.2590	9115853.3191	-0.0026	-0.0604	-0.0113	0.3486
8.2690	9115872.4894	-0.0026	-0.0609	-0.0111	0.3477
8.2790	9115890.3404	-0.0025	-0.0609	-0.0112	0.3473
8.2890	9115909.4894	-0.0025	-0.0609	-0.0113	0.3469
8.2990	9115929.0000	-0.0025	-0.0613	-0.0112	0.3465
8.3090	9115948.3404	-0.0026	-0.0615	-0.0108	0.3455
8.3190	9115966.6596	-0.0026	-0.0614	-0.0107	0.3454
8.3290	9115984.8298	-0.0026	-0.0617	-0.0106	0.3451
8.3390	9116003.8298	-0.0025	-0.0619	-0.0110	0.3448
8.3490	9116022.8298	-0.0024	-0.0617	-0.0112	0.3435
8.3590	9116041.8298	-0.0024	-0.0621	-0.0110	0.3436
8.3690	9116060.5106	-0.0024	-0.0622	-0.0112	0.3430
8.3790	9116079.3404	-0.0024	-0.0626	-0.0110	0.3432
8.3890	9116098.8298	-0.0025	-0.0627	-0.0107	0.3433
8.3990	9116117.4894	-0.0025	-0.0627	-0.0106	0.3417
8.4090	9116137.1915	-0.0024	-0.0628	-0.0109	0.3412
8.4190	9116155.8298	-0.0023	-0.0631	-0.0109	0.3414
8.4290	9116174.6596	-0.0023	-0.0634	-0.0110	0.3403
8.4390	9116194.1702	-0.0023	-0.0636	-0.0108	0.3394
8.4490	9116213.4894	-0.0022	-0.0637	-0.0110	0.3399
8.4590	9116232.3404	-0.0023	-0.0636	-0.0108	0.3385
8.4690	9116250.6596	-0.0023	-0.0639	-0.0109	0.3381
8.4790	9116269.8298	-0.0024	-0.0638	-0.0104	0.3379
8.4890	9116288.6596	-0.0022	-0.0643	-0.0107	0.3367
8.4990	9116307.6596	-0.0022	-0.0643	-0.0107	0.3368
8.5090	9116326.0000	-0.0021	-0.0645	-0.0112	0.3364
8.5190	9116344.6596	-0.0022	-0.0646	-0.0109	0.3364
8.5290	9116364.3404	-0.0022	-0.0652	-0.0107	0.3347
8.5390	9116383.8617	-0.0022	-0.0650	-0.0109	0.3354
8.5490	9116402.1702	-0.0022	-0.0650	-0.0109	0.3345
8.5590	9116421.1702	-0.0023	-0.0649	-0.0103	0.3344
8.5690	9116439.1702	-0.0021	-0.0650	-0.0108	0.3333
8.5790	9116458.3511	-0.0021	-0.0653	-0.0106	0.3332
8.5890	9116478.1702	-0.0020	-0.0655	-0.0109	0.3329
8.5990	9116496.3404	-0.0021	-0.0659	-0.0108	0.3336
8.6090	9116515.1702	-0.0020	-0.0661	-0.0107	0.3325
8.6190	9116534.6489	-0.0022	-0.0664	-0.0104	0.3311
8.6290	9116553.3191	-0.0022	-0.0662	-0.0104	0.3318
8.6390	9116571.3404	-0.0021	-0.0662	-0.0107	0.3310
8.6490	9116591.6489	-0.0020	-0.0664	-0.0105	0.3304
8.6590	9116610.0000	-0.0019	-0.0664	-0.0109	0.3293
8.6690	9116628.1809	-0.0019	-0.0668	-0.0107	0.3295
8.6790	9116646.8298	-0.0019	-0.0671	-0.0107	0.3295
8.6890	9116667.1702	-0.0019	-0.0671	-0.0106	0.3297
8.6990	9116685.6915	-0.0020	-0.0672	-0.0105	0.3287
8.7090	9116705.5213	-0.0021	-0.0675	-0.0104	0.3288
8.7190	9116724.1702	-0.0019	-0.0675	-0.0107	0.3276
8.7290	9116742.5106	-0.0019	-0.0676	-0.0105	0.3273
8.7390	9116761.6915	-0.0018	-0.0677	-0.0106	0.3268
8.7490	9116780.4787	-0.0018	-0.0683	-0.0108	0.3266
8.7590	9116799.8298	-0.0018	-0.0683	-0.0105	0.3265
8.7690	9116818.0000	-0.0019	-0.0683	-0.0107	0.3257
8.7790	9116838.1702	-0.0019	-0.0683	-0.0105	0.3246
8.7890	9116855.4894	-0.0020	-0.0682	-0.0104	0.3242
8.7990	9116874.6596	-0.0018	-0.0681	-0.0103	0.3242
8.8090	9116893.0000	-0.0017	-0.0687	-0.0106	0.3239
8.8190	9116912.6489	-0.0017	-0.0691	-0.0107	0.3224
8.8290	9116931.3191	-0.0018	-0.0689	-0.0104	0.3221
8.8390	9116950.3404	-0.0016	-0.0691	-0.0105	0.3222
8.8490	9116968.6489	-0.0019	-0.0692	-0.0102	0.3210
8.8590	9116988.0000	-0.0018	-0.0693	-0.0101	0.3195
8.8690	9117007.3085	-0.0019	-0.0692	-0.0102	0.3209
8.8790	9117026.0319	-0.0018	-0.0694	-0.0101	0.3205
8.8890	9117045.6596	-0.0017	-0.0699	-0.0107	0.3203
8.8990	9117062.3404	-0.0016	-0.0698	-0.0104	0.3199
8.9090	9117082.0106	-0.0017	-0.0700	-0.0102	0.3175
8.9190	9117101.4894	-0.0017	-0.0699	-0.0103	0.3183
8.9290	9117120.4787	-0.0017	-0.0702	-0.0102	0.3180
8.9390	9117139.0000	-0.0018	-0.0705	-0.0100	0.3180
8.9490	9117158.3404	-0.0016	-0.0703	-0.0106	0.3180
8.9590	9117176.8191	-0.0016	-0.0704	-0.0102	0.3160
8.9690	9117195.8298	-0.0016	-0.0706	-0.0104	0.3159
8.9790	9117214.6489	-0.0015	-0.0707	-0.0105	0.3161
8.9890	9117234.0000	-0.0015	-0.0711	-0.0105	0.3169
8.9990	9117254.1489	-0.0015	-0.0715	-0.0103	0.3162
9.0090	9117272.3191	-0.0017	-0.0715	-0.0101	0.3165
9.0190	9117290.1702	-0.0016	-0.0714	-0.0100	0.3163
9.0290	9117309.6596	-0.0016	-0.0715	-0.0103	0.3149
9.0390	9117328.8298	-0.0015	-0.0718	-0.0103	0.3126
9.0490	9117347.5213	-0.0014	-0.0716	-0.0105	0.3129
9.0590	9117366.8298	-0.0014	-0.0717	-0.0103	0.3135
9.0690	9117385.5106	-0.0014	-0.0719	-0.0102	0.3131
9.0790	9117404.3085	-0.0015	-0.0722	-0.0101	0.3117
9.0890	9117423.5106	-0.0015	-0.0720	-0.0100	0.3119
9.0990	9117442.4894	-0.0015	-0.0725	-0.0100	0.3124
9.1090	9117460.0213	-0.0015	-0.0725	-0.0100	0.3110
9.1190	9117480.3404	-0.0013	-0.0726	-0.0104	0.3117
9.1290	9117498.8191	-0.0013	-0.0729	-0.0103	0.3101
9.1390	9117518.0000	-0.0012	-0.0730	-0.0104	0.3088
9.1490	9117536.6596	-0.0014	-0.0731	-0.0101	0.3101
9.1590	9117555.6596	-0.0013	-0.0730	-0.0102	0.3091
9.1690	9117575.1702	-0.0015	-0.0733	-0.0098	0.3083
9.1790	9117593.8298	-0.0014	-0.0732	-0.0099	0.3075
9.1890	9117613.3404	-0.0013	-0.0731	-0.0099	0.3072
9.1990	9117631.6596	-0.0012	-0.0733	-0.0103	0.3079
9.2090	9117650.6809	-0.0012	-0.0737	-0.0103	0.3085
9.2190	9117669.8298	-0.0012	-0.0740	-0.0102	0.3061
9.2290	9117689.0106	-0.0013	-0.0740	-0.0100	0.3071
9.2390	9117707.5213	-0.0014	-0.0742	-0.0097	0.3061
9.2490	9117725.8298	-0.0013	-0.0743	-0.0100	0.3043
9.2590	9117744.8511	-0.0012	-0.0742	-0.0099	0.3045
9.2690	9117763.8191	-0.0012	-0.0741	-0.0101	0.3041
9.2790	9117783.0000	-0.0011	-0.0745	-0.0101	0.3046
9.2890	9117801.8191	-0.0011	-0.0743	-0.0102	0.3043
9.2990	9117820.0000	-0.0012	-0.0753	-0.0100	0.3016
9.3090	9117839.5213	-0.0012	-0.0749	-0.0098	0.3025
9.3190	9117858.4681	-0.0012	-0.0748	-0.0097	0.3030
9.3290	9117876.5106	-0.0013	-0.0749	-0.0096	0.3005
9.3390	9117895.8617	-0.0011	-0.0745	-0.0099	0.3010
9.3490	9117915.4681	-0.0011	-0.0753	-0.0098	0.2994
9.3590	9117934.6915	-0.0010	-0.0752	-0.0102	0.3004
9.3690	9117952.1702	-0.0010	-0.0755	-0.0102	0.3007
9.3790	9117970.6596	-0.0011	-0.0759	-0.0100	0.3001
9.3890	9117990.0106	-0.0011	-0.0758	-0.0101	0.2987
9.3990	9118008.3511	-0.0012	-0.0758	-0.0097	0.2978
9.4090	9118027.5106	-0.0011	-0.0757	-0.0096	0.2993
9.4190	9118046.3511	-0.0011	-0.0758	-0.0098	0.2989
9.4290	9118065.5106	-0.0010	-0.0766	-0.0098	0.2967
9.4390	9118084.6596	-0.0009	-0.0764	-0.0098	0.2979
9.4490	9118104.0000	-0.0010	-0.0764	-0.0097	0.2979
9.4590	9118122.3191	-0.0010	-0.0766	-0.0098	0.2969
9.4690	9118141.3404	-0.0010	-0.0771	-0.0097	0.2960
9.4790	9118161.6489	-0.0011	-0.0767	-0.0096	0.2941
9.4890	9118179.9787	-0.0011	-0.0766	-0.0096	0.2966
9.4990	9118198.3085	-0.0010	-0.0768	-0.0096	0.2942
9.5090	9118217.5213	-0.0008	-0.0768	-0.0099	0.2932
9.5190	9118237.0000	-0.0008	-0.0770	-0.0099	0.2947
9.5290	9118256.0426	-0.0009	-0.0774	-0.0095	0.2945
9.5390	9118274.5106	-0.0010	-0.0777	-0.0095	0.2930
9.5490	9118293.5213	-0.0009	-0.0772	-0.0096	0.2952
9.5590	9118312.8298	-0.0010	-0.0777	-0.0093	0.2918
9.5690	9118332.0426	-0.0010	-0.0774	-0.0095	0.2927
9.5790	9118350.6596	-0.0008	-0.0776	-0.0098	0.2924
9.5890	9118369.4787	-0.0008	-0.0781	-0.0097	0.2907
9.5990	9118388.8298	-0.0007	-0.0780	-0.0098	0.2903
9.6090	9118406.8404	-0.0008	-0.0787	-0.0095	0.2897
9.6190	9118425.7128	-0.0009	-0.0781	-0.0094	0.2908
9.6290	9118444.4894	-0.0010	-0.0782	-0.0092	0.2890
9.6390	9118463.3298	-0.0008	-0.0780	-0.0094	0.2895
9.6490	9118483.0000	-0.0009	-0.0782	-0.0095	0.2885
9.6590	9118502.1915	-0.0007	-0.0785	-0.0096	0.2873
9.6690	9118520.8298	-0.0007	-0.0782	-0.0097	0.2886
9.6790	9118540.0000	-0.0007	-0.0787	-0.0097	0.2879
9.6890	9118558.9894	-0.0007	-0.0789	-0.0094	0.2877
9.6990	9118577.5000	-0.0008	-0.0788	-0.0094	0.2889
9.7090	9118595.4574	-0.0008	-0.0789	-0.0094	0.2868
9.7190	9118614.6596	-0.0008	-0.0792	-0.0093	0.2874
9.7290	9118633.0000	-0.0006	-0.0790	-0.0095	0.2873
9.7390	9118652.1596	-0.0006	-0.0791	-0.0098	0.2873
9.7490	9118672.3404	-0.0006	-0.0792	-0.0096	0.2850
9.7590	9118690.0000	-0.0006	-0.0798	-0.0096	0.2854
9.7690	9118708.6915	-0.0008	-0.0795	-0.0093	0.2859
9.7790	9118728.0000	-0.0007	-0.0800	-0.0095	0.2835
9.7890	9118746.4894	-0.0008	-0.0797	-0.0093	0.2845
9.7990	9118765.6702	-0.0007	-0.0798	-0.0093	0.2843
9.8090	9118785.8298	-0.0006	-0.0800	-0.0094	0.2826
9.8190	9118804.9787	-0.0006	-0.0800	-0.0094	0.2828
9.8290	9118824.1596	-0.0006	-0.0802	-0.0091	0.2823
9.8390	9118842.8404	-0.0007	-0.0801	-0.0093	0.2823
9.8490	9118861.5213	-0.0006	-0.0801	-0.0096	0.2819
9.8590	9118880.1596	-0.0008	-0.0800	-0.0091	0.2813
9.8690	9118899.7128	-0.0007	-0.0801	-0.0093	0.2802
9.8790	9118920.1702	-0.0006	-0.0804	-0.0091	0.2805
9.8890	9118937.8191	-0.0006	-0.0808	-0.0093	0.2796
9.8990	9118956.3404	-0.0005	-0.0807	-0.0095	0.2799
9.9090	9118974.3617	-0.0005	-0.0809	-0.0095	0.2795
9.9190	9118994.0000	-0.0005	-0.0813	-0.0093	0.2793
9.9290	9119013.2021	-0.0005	-0.0809	-0.0092	0.2795
9.9390	9119031.8404	-0.0007	-0.0812	-0.0091	0.2791
9.9490	9119050.6596	-0.0006	-0.0808	-0.0091	0.2793
9.9590	9119069.5319	-0.0006	-0.0812	-0.0092	0.2781
9.9690	9119087.3617	-0.0004	-0.0812	-0.0094	0.2779
9.9790	9119107.1596	-0.0004	-0.0813	-0.0093	0.2770
9.9890	9119127.0000	-0.0005	-0.0812	-0.0093	0.2770
9.9990	9119146.3511	-0.0004	-0.0816	-0.0090	0.2771
