-9.6310	9082016.1702	-0.0039	0.0298	-0.0159	0.1088
-9.6210	9082035.8298	-0.0039	0.0300	-0.0161	0.1101
-9.6110	9082055.8298	-0.0039	0.0295	-0.0160	0.1088
-9.6010	9082074.6489	-0.0041	0.0298	-0.0167	0.1100
-9.5910	9082093.4894	-0.0038	0.0296	-0.0156	0.1100
-9.5810	9082113.3298	-0.0040	0.0298	-0.0162	0.1104
-9.5710	9082132.1596	-0.0040	0.0296	-0.0166	0.1105
-9.5610	9082150.0000	-0.0039	0.0300	-0.0158	0.1108
-9.5510	9082168.8298	-0.0038	0.0293	-0.0158	0.1109
-9.5410	9082187.5000	-0.0040	0.0296	-0.0166	0.1113
-9.5310	9082206.8404	-0.0040	0.0294	-0.0165	0.1109
-9.5210	9082226.5000	-0.0039	0.0293	-0.0162	0.1107
-9.5110	9082244.1702	-0.0038	0.0289	-0.0163	0.1103
-9.5010	9082263.1702	-0.0041	0.0293	-0.0169	0.1114
-9.4910	9082282.5000	-0.0040	0.0293	-0.0169	0.1117
-9.4810	9082302.0000	-0.0038	0.0295	-0.0166	0.1124
-9.4710	9082320.4894	-0.0040	0.0291	-0.0171	0.1116
-9.4610	9082339.6702	-0.0039	0.0291	-0.0166	0.1122
-9.4510	9082357.6702	-0.0037	0.0289	-0.0159	0.1114
-9.4410	9082377.3404	-0.0038	0.0290	-0.0163	0.1122
-9.4310	9082396.0000	-0.0039	0.0290	-0.0168	0.1120
-9.4210	9082416.0000	-0.0038	0.0287	-0.0165	0.1116
-9.4110	9082435.1702	-0.0037	0.0289	-0.0160	0.1125
-9.4010	9082453.8404	-0.0038	0.0290	-0.0164	0.1132
-9.3910	9082472.5000	-0.0039	0.0288	-0.0166	0.1129
-9.3810	9082492.3298	-0.0039	0.0287	-0.0174	0.1132
-9.3710	9082511.1702	-0.0039	0.0289	-0.0173	0.1141
-9.3610	9082530.6702	-0.0039	0.0286	-0.0171	0.1133
-9.3510	9082550.0000	-0.0037	0.0285	-0.0165	0.1134
-9.3410	9082568.6702	-0.0037	0.0284	-0.0163	0.1136
-9.3310	9082586.6596	-0.0040	0.0285	-0.0174	0.1137
-9.3210	9082605.1702	-0.0038	0.0282	-0.0168	0.1135
-9.3110	9082624.1702	-0.0039	0.0285	-0.0175	0.1145
-9.3010	9082643.5000	-0.0039	0.0284	-0.0173	0.1150
-9.2910	9082663.3404	-0.0038	0.0283	-0.0171	0.1145
-9.2810	9082681.8298	-0.0037	0.0282	-0.0170	0.1142
-9.2710	9082700.3404	-0.0038	0.0283	-0.0174	0.1153
-9.2610	9082719.3404	-0.0038	0.0281	-0.0171	0.1148
-9.2510	9082738.0000	-0.0037	0.0281	-0.0168	0.1149
-9.2410	9082757.3404	-0.0038	0.0280	-0.0173	0.1152
-9.2310	9082775.8404	-0.0037	0.0278	-0.0171	0.1147
-9.2210	9082794.1702	-0.0036	0.0280	-0.0168	0.1158
-9.2110	9082812.4894	-0.0037	0.0278	-0.0172	0.1157
-9.2010	9082831.8298	-0.0036	0.0279	-0.0171	0.1160
-9.1910	9082852.1596	-0.0035	0.0278	-0.0165	0.1163
-9.1810	9082870.5000	-0.0037	0.0276	-0.0174	0.1156
-9.1710	9082890.0000	-0.0036	0.0274	-0.0169	0.1155
-9.1610	9082908.0000	-0.0034	0.0275	-0.0165	0.1160
-9.1510	9082927.3298	-0.0035	0.0274	-0.0168	0.1161
-9.1410	9082947.1702	-0.0036	0.0274	-0.0175	0.1162
-9.1310	9082964.8298	-0.0035	0.0275	-0.0170	0.1168
-9.1210	9082984.8298	-0.0036	0.0271	-0.0173	0.1161
-9.1110	9083004.5000	-0.0036	0.0275	-0.0172	0.1174
-9.1010	9083023.0000	-0.0036	0.0273	-0.0174	0.1174
-9.0910	9083042.5106	-0.0033	0.0270	-0.0164	0.1165
-9.0810	9083060.8404	-0.0035	0.0272	-0.0172	0.1179
-9.0710	9083080.3191	-0.0035	0.0272	-0.0172	0.1177
-9.0610	9083100.1702	-0.0036	0.0270	-0.0175	0.1180
-9.0510	9083120.1702	-0.0037	0.0271	-0.0180	0.1183
-9.0410	9083137.8404	-0.0035	0.0270	-0.0172	0.1181
-9.0310	9083156.3404	-0.0035	0.0268	-0.0176	0.1179
-9.0210	9083175.1702	-0.0033	0.0271	-0.0169	0.1193
-9.0110	9083194.5000	-0.0033	0.0268	-0.0171	0.1186
-9.0010	9083212.4894	-0.0035	0.0267	-0.0179	0.1191
-8.9910	9083231.1702	-0.0034	0.0266	-0.0173	0.1189
-8.9810	9083249.1702	-0.0032	0.0264	-0.0168	0.1187
-8.9710	9083267.8298	-0.0035	0.0264	-0.0178	0.1186
-8.9610	9083287.0000	-0.0034	0.0266	-0.0174	0.1197
-8.9510	9083305.6596	-0.0035	0.0263	-0.0180	0.1193
-8.9410	9083325.3298	-0.0034	0.0263	-0.0177	0.1194
-8.9310	9083343.5000	-0.0034	0.0261	-0.0179	0.1192
-8.9210	9083362.1702	-0.0034	0.0263	-0.0176	0.1198
-8.9110	9083380.6702	-0.0034	0.0262	-0.0176	0.1199
-8.9010	9083400.0000	-0.0034	0.0262	-0.0181	0.1205
-8.8910	9083419.8298	-0.0032	0.0260	-0.0170	0.1204
-8.8810	9083440.0000	-0.0035	0.0261	-0.0185	0.1209
-8.8710	9083458.6596	-0.0033	0.0259	-0.0174	0.1207
-8.8610	9083476.1702	-0.0034	0.0259	-0.0184	0.1203
-8.8510	9083495.0000	-0.0032	0.0260	-0.0175	0.1217
-8.8410	9083515.3298	-0.0033	0.0259	-0.0176	0.1214
-8.8310	9083534.4894	-0.0034	0.0258	-0.0185	0.1218
-8.8210	9083553.0000	-0.0034	0.0258	-0.0180	0.1217
-8.8110	9083571.5106	-0.0036	0.0256	-0.0191	0.1214
-8.8010	9083590.8298	-0.0033	0.0257	-0.0180	0.1222
-8.7910	9083609.8298	-0.0034	0.0257	-0.0184	0.1225
-8.7810	9083628.6596	-0.0032	0.0255	-0.0180	0.1224
-8.7710	9083648.1702	-0.0032	0.0253	-0.0180	0.1222
-8.7610	9083667.5106	-0.0032	0.0253	-0.0179	0.1228
-8.7510	9083685.1702	-0.0033	0.0254	-0.0181	0.1229
-8.7410	9083704.3404	-0.0033	0.0252	-0.0183	0.1226
-8.7310	9083722.8298	-0.0033	0.0251	-0.0186	0.1231
-8.7210	9083743.1702	-0.0033	0.0250	-0.0186	0.1226
-8.7110	9083761.9787	-0.0033	0.0251	-0.0186	0.1236
-8.7010	9083780.3404	-0.0032	0.0249	-0.0181	0.1234
-8.6910	9083799.1702	-0.0031	0.0249	-0.0175	0.1235
-8.6810	9083817.8298	-0.0032	0.0248	-0.0185	0.1236
-8.6710	9083836.4894	-0.0031	0.0246	-0.0181	0.1238
-8.6610	9083856.0000	-0.0032	0.0247	-0.0183	0.1247
-8.6510	9083874.3191	-0.0031	0.0248	-0.0182	0.1246
-8.6410	9083893.3404	-0.0031	0.0248	-0.0185	0.1254
-8.6310	9083912.3404	-0.0029	0.0245	-0.0176	0.1242
-8.6210	9083931.8298	-0.0032	0.0246	-0.0187	0.1250
-8.6110	9083949.3404	-0.0032	0.0244	-0.0184	0.1248
-8.6010	9083968.8298	-0.0032	0.0244	-0.0188	0.1252
-8.5910	9083987.6596	-0.0031	0.0243	-0.0187	0.1256
-8.5810	9084006.5106	-0.0030	0.0243	-0.0180	0.1255
-8.5710	9084025.3404	-0.0032	0.0241	-0.0190	0.1249
-8.5610	9084045.3404	-0.0031	0.0242	-0.0190	0.1256
-8.5510	9084064.4894	-0.0032	0.0240	-0.0188	0.1261
-8.5410	9084083.6596	-0.0031	0.0241	-0.0191	0.1266
-8.5310	9084102.5106	-0.0029	0.0239	-0.0179	0.1258
-8.5210	9084121.8511	-0.0028	0.0239	-0.0180	0.1265
-8.5110	9084140.1702	-0.0031	0.0238	-0.0191	0.1269
-8.5010	9084159.6596	-0.0030	0.0238	-0.0187	0.1269
-8.4910	9084178.1702	-0.0031	0.0238	-0.0189	0.1273
-8.4810	9084196.8298	-0.0030	0.0238	-0.0191	0.1278
-8.4710	9084216.4894	-0.0032	0.0237	-0.0195	0.1279
-8.4610	9084235.4894	-0.0030	0.0236	-0.0187	0.1281
-8.4510	9084253.6596	-0.0029	0.0234	-0.0185	0.1275
-8.4410	9084272.6596	-0.0030	0.0234	-0.0191	0.1273
-8.4310	9084292.0000	-0.0029	0.0232	-0.0184	0.1276
-8.4210	9084310.8511	-0.0030	0.0234	-0.0194	0.1284
-8.4110	9084329.6596	-0.0028	0.0231	-0.0182	0.1285
-8.4010	9084349.0000	-0.0028	0.0231	-0.0184	0.1286
-8.3910	9084367.1702	-0.0030	0.0231	-0.0196	0.1289
-8.3810	9084385.6596	-0.0028	0.0229	-0.0187	0.1292
-8.3710	9084405.1702	-0.0028	0.0228	-0.0191	0.1290
-8.3610	9084424.5106	-0.0029	0.0228	-0.0194	0.1288
-8.3510	9084443.0000	-0.0029	0.0229	-0.0194	0.1299
-8.3410	9084461.9787	-0.0028	0.0223	-0.0190	0.1283
-8.3310	9084480.3404	-0.0029	0.0225	-0.0196	0.1296
-8.3210	9084500.1702	-0.0028	0.0225	-0.0190	0.1297
-8.3110	9084518.4894	-0.0027	0.0225	-0.0193	0.1301
-8.3010	9084537.0000	-0.0027	0.0225	-0.0189	0.1307
-8.2910	9084556.0000	-0.0027	0.0223	-0.0189	0.1307
-8.2810	9084575.0000	-0.0027	0.0223	-0.0192	0.1312
-8.2710	9084595.0000	-0.0027	0.0222	-0.0190	0.1306
-8.2610	9084613.4894	-0.0028	0.0221	-0.0194	0.1304
-8.2510	9084632.8298	-0.0027	0.0221	-0.0193	0.1312
-8.2410	9084651.0000	-0.0026	0.0221	-0.0189	0.1321
-8.2310	9084671.0000	-0.0026	0.0221	-0.0190	0.1319
-8.2210	9084688.8298	-0.0027	0.0220	-0.0195	0.1327
-8.2110	9084707.6596	-0.0025	0.0217	-0.0188	0.1321
-8.2010	9084726.1702	-0.0024	0.0217	-0.0185	0.1321
-8.1910	9084744.3404	-0.0027	0.0217	-0.0194	0.1328
-8.1810	9084764.1489	-0.0025	0.0216	-0.0189	0.1324
-8.1710	9084783.6596	-0.0027	0.0214	-0.0198	0.1323
-8.1610	9084801.4894	-0.0025	0.0213	-0.0187	0.1330
-8.1510	9084821.3404	-0.0026	0.0213	-0.0197	0.1335
-8.1410	9084838.8298	-0.0026	0.0212	-0.0195	0.1336
-8.1310	9084859.0000	-0.0026	0.0211	-0.0195	0.1336
-8.1210	9084877.8298	-0.0025	0.0209	-0.0197	0.1334
-8.1110	9084897.6596	-0.0025	0.0210	-0.0192	0.1340
-8.1010	9084916.1702	-0.0025	0.0209	-0.0200	0.1333
-8.0910	9084934.4894	-0.0025	0.0207	-0.0197	0.1342
-8.0810	9084954.1489	-0.0024	0.0208	-0.0193	0.1339
-8.0710	9084973.0000	-0.0024	0.0206	-0.0193	0.1342
-8.0610	9084992.1702	-0.0025	0.0205	-0.0204	0.1345
-8.0510	9085010.8298	-0.0026	0.0207	-0.0207	0.1354
-8.0410	9085029.3191	-0.0024	0.0204	-0.0196	0.1348
-8.0310	9085049.5106	-0.0024	0.0204	-0.0197	0.1345
-8.0210	9085068.3404	-0.0025	0.0206	-0.0202	0.1359
-8.0110	9085086.1702	-0.0024	0.0204	-0.0198	0.1363
-8.0010	9085105.5106	-0.0024	0.0203	-0.0201	0.1371
-7.9910	9085123.6596	-0.0022	0.0201	-0.0192	0.1362
-7.9810	9085143.8298	-0.0023	0.0200	-0.0196	0.1357
-7.9710	9085161.5106	-0.0024	0.0201	-0.0202	0.1369
-7.9610	9085180.0000	-0.0022	0.0196	-0.0193	0.1363
-7.9510	9085198.5106	-0.0023	0.0198	-0.0198	0.1372
-7.9410	9085218.3404	-0.0024	0.0198	-0.0204	0.1374
-7.9310	9085237.8298	-0.0023	0.0196	-0.0201	0.1378
-7.9210	9085255.1702	-0.0022	0.0195	-0.0195	0.1371
-7.9110	9085274.1702	-0.0022	0.0196	-0.0199	0.1382
-7.9010	9085293.6596	-0.0023	0.0195	-0.0204	0.1379
-7.8910	9085312.6596	-0.0022	0.0194	-0.0203	0.1383
-7.8810	9085331.6596	-0.0022	0.0191	-0.0199	0.1377
-7.8710	9085350.5106	-0.0023	0.0193	-0.0208	0.1392
-7.8610	9085369.6809	-0.0023	0.0190	-0.0209	0.1383
-7.8510	9085388.6596	-0.0023	0.0191	-0.0209	0.1394
-7.8410	9085407.6809	-0.0022	0.0189	-0.0202	0.1393
-7.8310	9085425.6596	-0.0021	0.0187	-0.0204	0.1395
-7.8210	9085445.0000	-0.0021	0.0187	-0.0203	0.1390
-7.8110	9085463.5106	-0.0022	0.0186	-0.0210	0.1393
-7.8010	9085482.8298	-0.0021	0.0186	-0.0200	0.1403
-7.7910	9085501.1702	-0.0019	0.0183	-0.0194	0.1393
-7.7810	9085520.8511	-0.0020	0.0184	-0.0203	0.1399
-7.7710	9085539.0106	-0.0022	0.0183	-0.0208	0.1402
-7.7610	9085559.3085	-0.0021	0.0181	-0.0206	0.1400
-7.7510	9085576.6809	-0.0021	0.0183	-0.0212	0.1419
-7.7410	9085595.6809	-0.0021	0.0179	-0.0211	0.1409
-7.7310	9085614.6596	-0.0020	0.0179	-0.0203	0.1406
-7.7210	9085633.8298	-0.0020	0.0179	-0.0208	0.1419
-7.7110	9085652.8298	-0.0020	0.0176	-0.0204	0.1408
-7.7010	9085672.5213	-0.0019	0.0175	-0.0201	0.1411
-7.6910	9085690.3404	-0.0020	0.0176	-0.0211	0.1418
-7.6810	9085709.5106	-0.0018	0.0175	-0.0196	0.1423
-7.6710	9085728.6489	-0.0019	0.0172	-0.0209	0.1418
-7.6610	9085747.3511	-0.0020	0.0172	-0.0207	0.1429
-7.6510	9085766.8298	-0.0017	0.0169	-0.0209	0.1434
-7.6410	9085785.4787	-0.0019	0.0171	-0.0209	0.1431
-7.6310	9085804.5213	-0.0017	0.0168	-0.0202	0.1433
-7.6210	9085822.0000	-0.0017	0.0164	-0.0208	0.1439
-7.6110	9085841.5106	-0.0018	0.0167	-0.0210	0.1444
-7.6010	9085860.4787	-0.0017	0.0163	-0.0215	0.1435
-7.5910	9085879.3404	-0.0018	0.0163	-0.0215	0.1447
-7.5810	9085898.1702	-0.0017	0.0159	-0.0215	0.1451
-7.5710	9085916.4894	-0.0016	0.0158	-0.0208	0.1446
-7.5610	9085936.4894	-0.0018	0.0160	-0.0218	0.1445
-7.5510	9085955.3511	-0.0017	0.0159	-0.0217	0.1447
-7.5410	9085974.0000	-0.0016	0.0156	-0.0204	0.1448
-7.5310	9085992.8298	-0.0017	0.0161	-0.0220	0.1459
-7.5210	9086011.1702	-0.0016	0.0157	-0.0202	0.1457
-7.5110	9086030.0000	-0.0013	0.0149	-0.0200	0.1456
-7.5010	9086049.3404	-0.0016	0.0159	-0.0207	0.1471
-7.4910	9086069.1702	-0.0016	0.0153	-0.0216	0.1463
-7.4810	9086087.5106	-0.0016	0.0151	-0.0213	0.1464
-7.4710	9086106.1489	-0.0016	0.0154	-0.0212	0.1473
-7.4610	9086124.4787	-0.0015	0.0149	-0.0210	0.1471
-7.4510	9086142.6489	-0.0015	0.0147	-0.0213	0.1456
-7.4410	9086163.1702	-0.0014	0.0148	-0.0215	0.1474
-7.4310	9086181.8191	-0.0017	0.0149	-0.0222	0.1467
-7.4210	9086201.4787	-0.0014	0.0143	-0.0213	0.1473
-7.4110	9086219.8298	-0.0015	0.0148	-0.0216	0.1480
-7.4010	9086239.0000	-0.0016	0.0149	-0.0225	0.1482
-7.3910	9086259.4894	-0.0015	0.0147	-0.0219	0.1487
-7.3810	9086277.3404	-0.0014	0.0144	-0.0217	0.1479
-7.3710	9086296.3511	-0.0016	0.0145	-0.0227	0.1487
-7.3610	9086314.3404	-0.0015	0.0144	-0.0218	0.1481
-7.3510	9086333.1809	-0.0014	0.0142	-0.0216	0.1487
-7.3410	9086352.3191	-0.0013	0.0141	-0.0216	0.1490
-7.3310	9086372.1702	-0.0015	0.0141	-0.0227	0.1496
-7.3210	9086390.9894	-0.0013	0.0139	-0.0212	0.1497
-7.3110	9086408.8298	-0.0013	0.0138	-0.0223	0.1492
-7.3010	9086428.8298	-0.0014	0.0136	-0.0215	0.1497
-7.2910	9086447.0000	-0.0015	0.0136	-0.0234	0.1505
-7.2810	9086465.6596	-0.0013	0.0135	-0.0221	0.1509
-7.2710	9086484.6489	-0.0014	0.0133	-0.0224	0.1506
-7.2610	9086503.8191	-0.0013	0.0134	-0.0223	0.1511
-7.2510	9086523.5213	-0.0013	0.0131	-0.0223	0.1518
-7.2410	9086542.3085	-0.0011	0.0130	-0.0216	0.1520
-7.2310	9086560.8298	-0.0012	0.0130	-0.0222	0.1528
-7.2210	9086579.6489	-0.0012	0.0128	-0.0221	0.1531
-7.2110	9086598.6489	-0.0013	0.0128	-0.0232	0.1529
-7.2010	9086617.6489	-0.0011	0.0125	-0.0230	0.1524
-7.1910	9086635.8191	-0.0011	0.0123	-0.0222	0.1533
-7.1810	9086654.6489	-0.0010	0.0122	-0.0222	0.1525
-7.1710	9086673.3085	-0.0011	0.0124	-0.0223	0.1532
-7.1610	9086691.3404	-0.0011	0.0122	-0.0228	0.1549
-7.1510	9086710.5106	-0.0010	0.0122	-0.0219	0.1546
-7.1410	9086729.1702	-0.0011	0.0118	-0.0223	0.1540
-7.1310	9086747.9894	-0.0010	0.0118	-0.0224	0.1549
-7.1210	9086767.6596	-0.0011	0.0116	-0.0242	0.1549
-7.1110	9086787.1809	-0.0010	0.0118	-0.0222	0.1561
-7.1010	9086805.6596	-0.0010	0.0115	-0.0225	0.1555
-7.0910	9086824.3404	-0.0011	0.0117	-0.0243	0.1564
-7.0810	9086843.3404	-0.0010	0.0114	-0.0233	0.1569
-7.0710	9086862.8298	-0.0010	0.0113	-0.0224	0.1558
-7.0610	9086881.6809	-0.0010	0.0112	-0.0232	0.1562
-7.0510	9086900.6915	-0.0009	0.0110	-0.0226	0.1570
-7.0410	9086918.8617	-0.0008	0.0109	-0.0230	0.1574
-7.0310	9086938.4894	-0.0008	0.0109	-0.0232	0.1573
-7.0210	9086957.0106	-0.0008	0.0104	-0.0226	0.1568
-7.0110	9086976.1702	-0.0008	0.0107	-0.0232	0.1581
-7.0010	9086996.3404	-0.0008	0.0104	-0.0228	0.1580
-6.9910	9087014.9894	-0.0008	0.0103	-0.0230	0.1578
-6.9810	9087033.4787	-0.0008	0.0102	-0.0225	0.1584
-6.9710	9087051.5213	-0.0008	0.0101	-0.0234	0.1570
-6.9610	9087070.6596	-0.0007	0.0101	-0.0230	0.1582
-6.9510	9087090.3404	-0.0007	0.0096	-0.0228	0.1579
-6.9410	9087109.4787	-0.0007	0.0098	-0.0232	0.1590
-6.9310	9087128.3191	-0.0007	0.0096	-0.0235	0.1590
-6.9210	9087146.3511	-0.0007	0.0097	-0.0235	0.1600
-6.9110	9087166.3404	-0.0006	0.0093	-0.0233	0.1598
-6.9010	9087185.0000	-0.0006	0.0093	-0.0227	0.1598
-6.8910	9087203.8298	-0.0006	0.0093	-0.0236	0.1601
-6.8810	9087223.9787	-0.0006	0.0090	-0.0232	0.1604
-6.8710	9087242.3191	-0.0006	0.0091	-0.0243	0.1610
-6.8610	9087261.0000	-0.0006	0.0089	-0.0237	0.1617
-6.8510	9087279.5106	-0.0006	0.0086	-0.0247	0.1611
-6.8410	9087297.8298	-0.0006	0.0085	-0.0240	0.1604
-6.8310	9087316.8298	-0.0004	0.0087	-0.0240	0.1627
-6.8210	9087336.1809	-0.0005	0.0081	-0.0237	0.1619
-6.8110	9087354.6915	-0.0005	0.0082	-0.0240	0.1626
-6.8010	9087373.6596	-0.0005	0.0082	-0.0230	0.1622
-6.7910	9087393.1809	-0.0003	0.0077	-0.0239	0.1620
-6.7810	9087413.1702	-0.0004	0.0078	-0.0241	0.1632
-6.7710	9087431.4787	-0.0003	0.0076	-0.0230	0.1626
-6.7610	9087450.1702	-0.0004	0.0074	-0.0240	0.1630
-6.7510	9087468.8298	-0.0003	0.0073	-0.0243	0.1630
-6.7410	9087487.4894	-0.0003	0.0073	-0.0250	0.1649
-6.7310	9087507.1383	-0.0003	0.0071	-0.0244	0.1645
-6.7210	9087526.0000	-0.0003	0.0070	-0.0247	0.1652
-6.7110	9087545.1702	-0.0002	0.0067	-0.0247	0.1656
-6.7010	9087564.5106	-0.0002	0.0066	-0.0241	0.1648
-6.6910	9087583.0000	-0.0001	0.0067	-0.0246	0.1656
-6.6810	9087601.8298	-0.0002	0.0063	-0.0243	0.1643
-6.6710	9087619.6596	-0.0001	0.0060	-0.0236	0.1654
-6.6610	9087639.1489	-0.0001	0.0062	-0.0243	0.1658
-6.6510	9087658.1702	-0.0001	0.0059	-0.0238	0.1664
-6.6410	9087677.1702	-0.0001	0.0058	-0.0246	0.1664
-6.6310	9087695.5106	-0.0000	0.0056	-0.0246	0.1661
-6.6210	9087714.1702	0.0000	0.0055	-0.0242	0.1676
-6.6110	9087732.8511	0.0001	0.0054	-0.0249	0.1673
-6.6010	9087752.1915	-0.0000	0.0053	-0.0243	0.1687
-6.5910	9087771.6383	0.0001	0.0051	-0.0239	0.1675
-6.5810	9087790.5319	0.0001	0.0049	-0.0250	0.1687
-6.5710	9087808.6596	0.0001	0.0049	-0.0248	0.1691
-6.5610	9087828.8298	0.0001	0.0047	-0.0249	0.1679
-6.5510	9087848.1702	0.0001	0.0046	-0.0248	0.1705
-6.5410	9087866.0000	0.0001	0.0043	-0.0250	0.1688
-6.5310	9087885.4681	0.0002	0.0043	-0.0244	0.1688
-6.5210	9087904.0000	0.0002	0.0043	-0.0252	0.1690
-6.5110	9087922.6596	0.0003	0.0038	-0.0239	0.1689
-6.5010	9087941.2979	0.0004	0.0038	-0.0251	0.1710
-6.4910	9087960.1702	0.0003	0.0036	-0.0246	0.1702
-6.4810	9087979.3404	0.0003	0.0035	-0.0250	0.1703
-6.4710	9087998.5106	0.0003	0.0033	-0.0254	0.1704
-6.4610	9088017.0000	0.0004	0.0032	-0.0246	0.1705
-6.4510	9088036.1702	0.0004	0.0030	-0.0248	0.1718
-6.4410	9088054.8298	0.0005	0.0026	-0.0248	0.1707
-6.4310	9088073.8298	0.0005	0.0027	-0.0253	0.1713
-6.4210	9088092.4681	0.0004	0.0027	-0.0256	0.1723
-6.4110	9088111.3617	0.0005	0.0023	-0.0259	0.1725
-6.4010	9088131.4681	0.0004	0.0023	-0.0255	0.1722
-6.3910	9088149.8298	0.0005	0.0023	-0.0253	0.1730
-6.3810	9088169.3191	0.0005	0.0018	-0.0247	0.1732
-6.3710	9088188.3191	0.0006	0.0018	-0.0245	0.1750
-6.3610	9088207.8085	0.0006	0.0016	-0.0256	0.1735
-6.3510	9088225.8723	0.0007	0.0015	-0.0256	0.1740
-6.3410	9088244.4894	0.0007	0.0012	-0.0256	0.1747
-6.3310	9088262.3404	0.0007	0.0012	-0.0260	0.1746
-6.3210	9088282.1702	0.0007	0.0007	-0.0267	0.1740
-6.3110	9088301.1702	0.0007	0.0008	-0.0248	0.1750
-6.3010	9088320.6383	0.0008	0.0005	-0.0261	0.1755
-6.2910	9088339.4894	0.0008	0.0006	-0.0263	0.1756
-6.2810	9088358.1489	0.0009	0.0001	-0.0265	0.1766
-6.2710	9088376.4681	0.0008	0.0001	-0.0248	0.1751
-6.2610	9088396.1702	0.0009	-0.0002	-0.0261	0.1762
-6.2510	9088416.3404	0.0009	-0.0002	-0.0259	0.1766
-6.2410	9088434.8298	0.0010	-0.0004	-0.0259	0.1779
-6.2310	9088453.5319	0.0010	-0.0007	-0.0256	0.1777
-6.2210	9088471.3404	0.0010	-0.0006	-0.0258	0.1767
-6.2110	9088490.4894	0.0010	-0.0008	-0.0273	0.1771
-6.2010	9088509.1702	0.0011	-0.0013	-0.0253	0.1792
-6.1910	9088528.1702	0.0011	-0.0013	-0.0255	0.1781
-6.1810	9088547.5106	0.0011	-0.0015	-0.0264	0.1783
-6.1710	9088566.8085	0.0011	-0.0016	-0.0253	0.1785
-6.1610	9088584.6383	0.0012	-0.0018	-0.0255	0.1789
-6.1510	9088602.8298	0.0012	-0.0021	-0.0254	0.1797
-6.1410	9088622.0000	0.0012	-0.0022	-0.0264	0.1795
-6.1310	9088641.0213	0.0013	-0.0025	-0.0266	0.1788
-6.1210	9088660.8298	0.0014	-0.0027	-0.0266	0.1793
-6.1110	9088679.2979	0.0013	-0.0030	-0.0264	0.1800
-6.1010	9088697.5319	0.0014	-0.0031	-0.0257	0.1812
-6.0910	9088717.6383	0.0014	-0.0032	-0.0269	0.1822
-6.0810	9088736.1277	0.0014	-0.0035	-0.0261	0.1805
-6.0710	9088754.3404	0.0015	-0.0036	-0.0263	0.1814
-6.0610	9088774.0000	0.0015	-0.0040	-0.0263	0.1829
-6.0510	9088792.0213	0.0015	-0.0040	-0.0258	0.1827
-6.0410	9088810.8085	0.0017	-0.0044	-0.0266	0.1814
-6.0310	9088829.8298	0.0015	-0.0042	-0.0268	0.1828
-6.0210	9088849.8298	0.0016	-0.0046	-0.0267	0.1835
-6.0110	9088869.6809	0.0017	-0.0047	-0.0277	0.1849
-6.0010	9088888.0000	0.0017	-0.0048	-0.0268	0.1837
-5.9910	9088907.1702	0.0017	-0.0050	-0.0281	0.1848
-5.9810	9088925.0000	0.0017	-0.0053	-0.0267	0.1844
-5.9710	9088944.8298	0.0017	-0.0053	-0.0258	0.1846
-5.9610	9088963.8298	0.0019	-0.0058	-0.0272	0.1850
-5.9510	9088983.8085	0.0018	-0.0056	-0.0273	0.1858
-5.9410	9089002.5106	0.0018	-0.0061	-0.0270	0.1853
-5.9310	9089021.1702	0.0018	-0.0061	-0.0267	0.1859
-5.9210	9089040.0000	0.0020	-0.0065	-0.0276	0.1877
-5.9110	9089058.5319	0.0019	-0.0065	-0.0272	0.1878
-5.9010	9089077.1277	0.0020	-0.0068	-0.0275	0.1873
-5.8910	9089095.8298	0.0019	-0.0069	-0.0275	0.1868
-5.8810	9089115.0000	0.0020	-0.0070	-0.0265	0.1857
-5.8710	9089133.9787	0.0020	-0.0072	-0.0266	0.1873
-5.8610	9089151.8298	0.0021	-0.0076	-0.0277	0.1896
-5.8510	9089171.6596	0.0021	-0.0076	-0.0276	0.1876
-5.8410	9089191.1064	0.0021	-0.0079	-0.0276	0.1902
-5.8310	9089210.1170	0.0021	-0.0081	-0.0276	0.1897
-5.8210	9089229.0000	0.0022	-0.0084	-0.0265	0.1891
-5.8110	9089248.1702	0.0022	-0.0086	-0.0270	0.1902
-5.8010	9089267.0000	0.0023	-0.0087	-0.0281	0.1906
-5.7910	9089286.5319	0.0023	-0.0089	-0.0270	0.1897
-5.7810	9089305.5106	0.0024	-0.0090	-0.0284	0.1907
-5.7710	9089324.0000	0.0024	-0.0093	-0.0278	0.1920
-5.7610	9089343.1702	0.0024	-0.0095	-0.0278	0.1918
-5.7510	9089363.0000	0.0025	-0.0098	-0.0289	0.1913
-5.7410	9089382.4574	0.0025	-0.0098	-0.0274	0.1919
-5.7310	9089400.5106	0.0026	-0.0104	-0.0282	0.1918
-5.7210	9089419.4894	0.0026	-0.0104	-0.0292	0.1919
-5.7110	9089437.8298	0.0026	-0.0109	-0.0282	0.1938
-5.7010	9089457.3191	0.0026	-0.0108	-0.0283	0.1939
-5.6910	9089476.3404	0.0027	-0.0111	-0.0283	0.1937
-5.6810	9089495.0000	0.0027	-0.0113	-0.0276	0.1939
-5.6710	9089514.0319	0.0028	-0.0115	-0.0286	0.1944
-5.6610	9089533.6596	0.0028	-0.0119	-0.0269	0.1949
-5.6510	9089552.0000	0.0028	-0.0119	-0.0282	0.1954
-5.6410	9089570.2021	0.0029	-0.0123	-0.0288	0.1943
-5.6310	9089588.1702	0.0029	-0.0125	-0.0283	0.1961
-5.6210	9089608.0000	0.0030	-0.0127	-0.0299	0.1957
-5.6110	9089627.6277	0.0030	-0.0131	-0.0287	0.1979
-5.6010	9089645.3723	0.0031	-0.0131	-0.0290	0.1959
-5.5910	9089665.1702	0.0030	-0.0132	-0.0287	0.1963
-5.5810	9089683.4574	0.0031	-0.0136	-0.0294	0.1976
-5.5710	9089701.8298	0.0032	-0.0138	-0.0284	0.1977
-5.5610	9089720.3404	0.0032	-0.0142	-0.0285	0.1977
-5.5510	9089739.2872	0.0033	-0.0144	-0.0294	0.1984
-5.5410	9089757.4894	0.0031	-0.0145	-0.0279	0.1981
-5.5310	9089778.1702	0.0032	-0.0152	-0.0286	0.1997
-5.5210	9089797.1702	0.0034	-0.0155	-0.0296	0.2000
-5.5110	9089814.5426	0.0034	-0.0155	-0.0299	0.2003
-5.5010	9089833.5106	0.0034	-0.0155	-0.0295	0.1999
-5.4910	9089852.4574	0.0035	-0.0159	-0.0297	0.1990
-5.4810	9089872.0000	0.0034	-0.0163	-0.0282	0.2011
-5.4710	9089890.6596	0.0035	-0.0167	-0.0287	0.2023
-5.4610	9089909.5106	0.0036	-0.0168	-0.0285	0.2012
-5.4510	9089927.7979	0.0036	-0.0173	-0.0286	0.2025
-5.4410	9089947.0000	0.0036	-0.0172	-0.0295	0.2019
-5.4310	9089966.3404	0.0037	-0.0175	-0.0299	0.2023
-5.4210	9089985.0532	0.0038	-0.0179	-0.0300	0.2036
-5.4110	9090004.1170	0.0037	-0.0181	-0.0281	0.2036
-5.4010	9090023.8298	0.0038	-0.0181	-0.0295	0.2032
-5.3910	9090042.0000	0.0039	-0.0186	-0.0295	0.2041
-5.3810	9090060.7979	0.0040	-0.0188	-0.0305	0.2040
-5.3710	9090079.3404	0.0040	-0.0192	-0.0301	0.2036
-5.3610	9090099.5106	0.0040	-0.0194	-0.0302	0.2062
-5.3510	9090117.8298	0.0040	-0.0194	-0.0300	0.2049
-5.3410	9090136.5426	0.0041	-0.0198	-0.0300	0.2062
-5.3310	9090154.6596	0.0042	-0.0200	-0.0306	0.2063
-5.3210	9090174.0000	0.0040	-0.0202	-0.0293	0.2057
-5.3110	9090192.3404	0.0043	-0.0207	-0.0305	0.2075
-5.3010	9090210.8830	0.0041	-0.0207	-0.0297	0.2060
-5.2910	9090230.6596	0.0042	-0.0209	-0.0297	0.2067
-5.2810	9090248.8830	0.0042	-0.0212	-0.0294	0.2083
-5.2710	9090267.6596	0.0044	-0.0216	-0.0300	0.2078
-5.2610	9090286.4894	0.0045	-0.0217	-0.0307	0.2087
-5.2510	9090306.3404	0.0045	-0.0220	-0.0310	0.2085
-5.2410	9090325.1702	0.0045	-0.0223	-0.0302	0.2095
-5.2310	9090344.6596	0.0044	-0.0225	-0.0304	0.2098
-5.2210	9090362.6277	0.0044	-0.0229	-0.0290	0.2100
-5.2110	9090380.9681	0.0046	-0.0231	-0.0306	0.2090
-5.2010	9090400.6596	0.0046	-0.0235	-0.0300	0.2111
-5.1910	9090419.3191	0.0048	-0.0238	-0.0313	0.2110
-5.1810	9090438.2872	0.0045	-0.0238	-0.0290	0.2111
-5.1710	9090457.0319	0.0048	-0.0242	-0.0305	0.2119
-5.1610	9090475.3404	0.0048	-0.0245	-0.0310	0.2114
-5.1510	9090494.6596	0.0048	-0.0247	-0.0307	0.2135
-5.1410	9090513.7979	0.0049	-0.0252	-0.0310	0.2139
-5.1310	9090533.0000	0.0050	-0.0254	-0.0307	0.2132
-5.1210	9090552.2021	0.0051	-0.0257	-0.0308	0.2138
-5.1110	9090571.6596	0.0050	-0.0261	-0.0306	0.2137
-5.1010	9090589.8298	0.0052	-0.0265	-0.0311	0.2150
-5.0910	9090608.9681	0.0051	-0.0265	-0.0307	0.2142
-5.0810	9090627.5426	0.0053	-0.0268	-0.0318	0.2146
-5.0710	9090647.0000	0.0052	-0.0269	-0.0311	0.2139
-5.0610	9090665.8298	0.0054	-0.0275	-0.0320	0.2159
-5.0510	9090685.6596	0.0054	-0.0277	-0.0314	0.2159
-5.0410	9090703.6596	0.0053	-0.0280	-0.0305	0.2147
-5.0310	9090722.7021	0.0053	-0.0284	-0.0297	0.2161
-5.0210	9090742.8298	0.0057	-0.0291	-0.0321	0.2181
-5.0110	9090761.5426	0.0057	-0.0292	-0.0319	0.2180
-5.0010	9090779.1702	0.0057	-0.0293	-0.0321	0.2171
-4.9910	9090798.6596	0.0056	-0.0296	-0.0309	0.2192
-4.9810	9090817.6277	0.0058	-0.0302	-0.0318	0.2192
-4.9710	9090836.3404	0.0059	-0.0304	-0.0321	0.2182
-4.9610	9090855.1702	0.0060	-0.0306	-0.0329	0.2186
-4.9510	9090873.4894	0.0058	-0.0310	-0.0308	0.2204
-4.9410	9090892.3404	0.0060	-0.0319	-0.0320	0.2207
-4.9310	9090912.5426	0.0058	-0.0320	-0.0300	0.2215
-4.9210	9090931.0000	0.0061	-0.0324	-0.0324	0.2214
-4.9110	9090949.9681	0.0061	-0.0324	-0.0317	0.2210
-4.9010	9090968.8298	0.0063	-0.0330	-0.0323	0.2221
-4.8910	9090987.8298	0.0062	-0.0331	-0.0324	0.2231
-4.8810	9091006.3404	0.0063	-0.0334	-0.0320	0.2234
-4.8710	9091024.3404	0.0063	-0.0337	-0.0320	0.2226
-4.8610	9091043.0319	0.0064	-0.0344	-0.0324	0.2235
-4.8510	9091062.9468	0.0065	-0.0348	-0.0322	0.2242
-4.8410	9091081.7979	0.0067	-0.0350	-0.0339	0.2230
-4.8310	9091101.1702	0.0065	-0.0352	-0.0320	0.2242
-4.8210	9091120.4574	0.0066	-0.0359	-0.0318	0.2243
-4.8110	9091139.6596	0.0066	-0.0356	-0.0329	0.2240
-4.8010	9091157.8298	0.0069	-0.0366	-0.0332	0.2255
-4.7910	9091177.2766	0.0068	-0.0370	-0.0329	0.2272
-4.7810	9091196.5106	0.0069	-0.0371	-0.0332	0.2274
-4.7710	9091215.0000	0.0068	-0.0376	-0.0317	0.2278
-4.7610	9091233.8830	0.0069	-0.0383	-0.0323	0.2286
-4.7510	9091252.8298	0.0068	-0.0384	-0.0322	0.2282
-4.7410	9091271.1702	0.0072	-0.0384	-0.0339	0.2274
-4.7310	9091289.4468	0.0073	-0.0393	-0.0336	0.2289
-4.7210	9091309.4574	0.0072	-0.0396	-0.0334	0.2300
-4.7110	9091328.7234	0.0072	-0.0396	-0.0339	0.2290
-4.7010	9091347.2128	0.0074	-0.0400	-0.0335	0.2299
-4.6910	9091366.6277	0.0073	-0.0402	-0.0329	0.2300
-4.6810	9091385.5106	0.0074	-0.0409	-0.0330	0.2292
-4.6710	9091403.8298	0.0076	-0.0412	-0.0336	0.2302
-4.6610	9091423.2766	0.0075	-0.0417	-0.0329	0.2311
-4.6510	9091441.6596	0.0077	-0.0420	-0.0335	0.2315
-4.6410	9091461.5532	0.0074	-0.0425	-0.0318	0.2322
-4.6310	9091478.8298	0.0076	-0.0426	-0.0333	0.2324
-4.6210	9091498.2128	0.0076	-0.0431	-0.0330	0.2326
-4.6110	9091517.1702	0.0081	-0.0437	-0.0344	0.2337
-4.6010	9091536.5532	0.0079	-0.0439	-0.0337	0.2342
-4.5910	9091555.6596	0.0079	-0.0443	-0.0336	0.2344
-4.5810	9091574.4894	0.0080	-0.0446	-0.0334	0.2334
-4.5710	9091591.5106	0.0080	-0.0447	-0.0338	0.2332
-4.5610	9091611.3830	0.0080	-0.0457	-0.0331	0.2365
-4.5510	9091631.6809	0.0084	-0.0460	-0.0344	0.2369
-4.5410	9091649.8298	0.0082	-0.0464	-0.0341	0.2368
-4.5310	9091668.5106	0.0084	-0.0464	-0.0340	0.2353
-4.5210	9091687.0638	0.0084	-0.0473	-0.0338	0.2380
-4.5110	9091705.8298	0.0084	-0.0472	-0.0341	0.2371
-4.5010	9091724.6596	0.0084	-0.0473	-0.0341	0.2382
-4.4910	9091743.3830	0.0086	-0.0485	-0.0344	0.2392
-4.4810	9091763.3936	0.0086	-0.0485	-0.0339	0.2387
-4.4710	9091782.0000	0.0088	-0.0488	-0.0347	0.2378
-4.4610	9091800.8298	0.0087	-0.0491	-0.0340	0.2395
-4.4510	9091819.8298	0.0089	-0.0497	-0.0349	0.2389
-4.4410	9091838.8298	0.0087	-0.0502	-0.0342	0.2412
-4.4310	9091857.3404	0.0090	-0.0502	-0.0351	0.2402
-4.4210	9091877.1809	0.0091	-0.0517	-0.0341	0.2419
-4.4110	9091896.0000	0.0089	-0.0513	-0.0340	0.2435
-4.4010	9091915.3404	0.0092	-0.0518	-0.0349	0.2421
-4.3910	9091933.7979	0.0092	-0.0522	-0.0345	0.2424
-4.3810	9091953.7128	0.0095	-0.0528	-0.0358	0.2426
-4.3710	9091972.8830	0.0095	-0.0532	-0.0359	0.2438
-4.3610	9091991.5106	0.0094	-0.0538	-0.0345	0.2441
-4.3510	9092010.1170	0.0091	-0.0539	-0.0336	0.2440
-4.3410	9092029.7979	0.0095	-0.0548	-0.0340	0.2428
-4.3310	9092047.8298	0.0098	-0.0552	-0.0360	0.2454
-4.3210	9092066.5213	0.0099	-0.0556	-0.0356	0.2443
-4.3110	9092084.7872	0.0097	-0.0554	-0.0353	0.2459
-4.3010	9092103.6702	0.0100	-0.0568	-0.0358	0.2458
-4.2910	9092123.0213	0.0101	-0.0578	-0.0355	0.2470
-4.2810	9092141.6170	0.0102	-0.0577	-0.0355	0.2466
-4.2710	9092161.5213	0.0104	-0.0578	-0.0365	0.2465
-4.2610	9092179.5426	0.0105	-0.0595	-0.0364	0.2499
-4.2510	9092198.7979	0.0102	-0.0586	-0.0355	0.2473
-4.2410	9092218.0000	0.0108	-0.0602	-0.0370	0.2503
-4.2310	9092237.4574	0.0100	-0.0603	-0.0337	0.2492
-4.2210	9092255.0319	0.0111	-0.0605	-0.0374	0.2493
-4.2110	9092273.8191	0.0105	-0.0614	-0.0350	0.2500
-4.2010	9092292.6170	0.0107	-0.0615	-0.0360	0.2507
-4.1910	9092311.4574	0.0108	-0.0626	-0.0354	0.2520
-4.1810	9092329.6702	0.0110	-0.0630	-0.0363	0.2516
-4.1710	9092349.0000	0.0108	-0.0636	-0.0350	0.2526
-4.1610	9092367.0000	0.0112	-0.0642	-0.0366	0.2535
-4.1510	9092386.0319	0.0114	-0.0650	-0.0360	0.2544
-4.1410	9092405.0000	0.0110	-0.0651	-0.0354	0.2527
-4.1310	9092423.8830	0.0118	-0.0653	-0.0380	0.2530
-4.1210	9092443.3617	0.0117	-0.0658	-0.0377	0.2542
-4.1110	9092463.4894	0.0110	-0.0668	-0.0348	0.2540
-4.1010	9092481.6702	0.0113	-0.0670	-0.0355	0.2550
-4.0910	9092500.1596	0.0117	-0.0681	-0.0363	0.2563
-4.0810	9092519.5000	0.0118	-0.0679	-0.0371	0.2563
-4.0710	9092538.8085	0.0114	-0.0691	-0.0350	0.2561
-4.0610	9092558.3404	0.0119	-0.0700	-0.0366	0.2574
-4.0510	9092576.4362	0.0124	-0.0703	-0.0378	0.2578
-4.0410	9092596.0532	0.0122	-0.0708	-0.0373	0.2582
-4.0310	9092615.1170	0.0124	-0.0717	-0.0368	0.2584
-4.0210	9092634.1170	0.0121	-0.0715	-0.0362	0.2586
-4.0110	9092652.8298	0.0128	-0.0730	-0.0376	0.2607
-4.0010	9092671.3191	0.0129	-0.0730	-0.0380	0.2587
-3.9910	9092690.6702	0.0124	-0.0740	-0.0365	0.2613
-3.9810	9092709.0000	0.0128	-0.0747	-0.0370	0.2615
-3.9710	9092727.8936	0.0131	-0.0745	-0.0386	0.2615
-3.9610	9092745.7872	0.0129	-0.0760	-0.0370	0.2626
-3.9510	9092765.6170	0.0132	-0.0767	-0.0377	0.2631
-3.9410	9092785.0000	0.0133	-0.0772	-0.0380	0.2641
-3.9310	9092804.1702	0.0134	-0.0778	-0.0377	0.2646
-3.9210	9092822.6170	0.0133	-0.0776	-0.0377	0.2632
-3.9110	9092841.4894	0.0134	-0.0790	-0.0380	0.2644
-3.9010	9092860.1702	0.0137	-0.0800	-0.0380	0.2661
-3.8910	9092879.2766	0.0134	-0.0802	-0.0372	0.2661
-3.8810	9092898.4894	0.0142	-0.0815	-0.0392	0.2693
-3.8710	9092917.3404	0.0135	-0.0807	-0.0371	0.2658
-3.8610	9092935.4468	0.0142	-0.0822	-0.0387	0.2678
-3.8510	9092954.0957	0.0143	-0.0837	-0.0384	0.2698
-3.8410	9092973.1596	0.0141	-0.0831	-0.0382	0.2687
-3.8310	9092991.4468	0.0144	-0.0851	-0.0379	0.2697
-3.8210	9093010.3404	0.0137	-0.0839	-0.0365	0.2686
-3.8110	9093029.5106	0.0147	-0.0855	-0.0391	0.2701
-3.8010	9093049.0000	0.0145	-0.0865	-0.0379	0.2699
-3.7910	9093068.0000	0.0145	-0.0868	-0.0379	0.2714
-3.7810	9093087.5106	0.0146	-0.0868	-0.0383	0.2715
-3.7710	9093106.1170	0.0149	-0.0875	-0.0390	0.2705
-3.7610	9093124.4468	0.0150	-0.0893	-0.0385	0.2736
-3.7510	9093143.0957	0.0152	-0.0896	-0.0389	0.2735
-3.7410	9093162.3404	0.0153	-0.0894	-0.0394	0.2723
-3.7310	9093181.6170	0.0154	-0.0914	-0.0390	0.2737
-3.7210	9093200.0957	0.0156	-0.0905	-0.0399	0.2735
-3.7110	9093218.3404	0.0157	-0.0923	-0.0395	0.2750
-3.7010	9093238.1702	0.0157	-0.0940	-0.0389	0.2755
-3.6910	9093256.0000	0.0154	-0.0939	-0.0382	0.2757
-3.6810	9093276.1596	0.0156	-0.0946	-0.0385	0.2761
-3.6710	9093294.5638	0.0168	-0.0955	-0.0417	0.2779
-3.6610	9093313.0000	0.0160	-0.0968	-0.0388	0.2770
-3.6510	9093332.3298	0.0167	-0.0973	-0.0406	0.2781
-3.6410	9093351.7234	0.0164	-0.0985	-0.0394	0.2802
-3.6310	9093371.2766	0.0166	-0.0983	-0.0395	0.2771
-3.6210	9093388.5532	0.0171	-0.0996	-0.0407	0.2799
-3.6110	9093407.1702	0.0169	-0.1003	-0.0400	0.2803
-3.6010	9093426.3298	0.0171	-0.1000	-0.0404	0.2795
-3.5910	9093445.1702	0.0173	-0.1013	-0.0408	0.2820
-3.5810	9093463.0000	0.0167	-0.1023	-0.0386	0.2806
-3.5710	9093481.5000	0.0176	-0.1035	-0.0407	0.2820
-3.5610	9093501.7766	0.0174	-0.1038	-0.0403	0.2827
-3.5510	9093521.1702	0.0175	-0.1042	-0.0403	0.2827
-3.5410	9093540.8936	0.0175	-0.1043	-0.0404	0.2816
-3.5310	9093558.9043	0.0179	-0.1067	-0.0406	0.2851
-3.5210	9093577.4894	0.0180	-0.1067	-0.0405	0.2844
-3.5110	9093595.8298	0.0181	-0.1072	-0.0405	0.2834
-3.5010	9093614.5532	0.0178	-0.1079	-0.0399	0.2844
-3.4910	9093633.7872	0.0187	-0.1089	-0.0418	0.2843
-3.4810	9093653.2234	0.0187	-0.1094	-0.0413	0.2852
-3.4710	9093672.9468	0.0187	-0.1125	-0.0408	0.2895
-3.4610	9093691.4894	0.0188	-0.1117	-0.0408	0.2869
-3.4510	9093710.2553	0.0184	-0.1125	-0.0398	0.2885
-3.4410	9093728.5638	0.0188	-0.1131	-0.0409	0.2880
-3.4310	9093747.6596	0.0190	-0.1140	-0.0410	0.2887
-3.4210	9093766.1702	0.0194	-0.1152	-0.0415	0.2904
-3.4110	9093785.6702	0.0192	-0.1156	-0.0407	0.2897
-3.4010	9093804.0000	0.0194	-0.1160	-0.0410	0.2896
-3.3910	9093822.8191	0.0190	-0.1171	-0.0396	0.2903
-3.3810	9093843.2128	0.0193	-0.1181	-0.0403	0.2903
-3.3710	9093861.5106	0.0203	-0.1197	-0.0423	0.2919
-3.3610	9093880.4255	0.0202	-0.1207	-0.0415	0.2929
-3.3510	9093899.7660	0.0212	-0.1220	-0.0438	0.2943
-3.3410	9093918.8298	0.0205	-0.1215	-0.0422	0.2930
-3.3310	9093937.2660	0.0201	-0.1227	-0.0408	0.2937
-3.3210	9093955.5638	0.0205	-0.1236	-0.0413	0.2929
-3.3110	9093975.2660	0.0207	-0.1251	-0.0419	0.2962
-3.3010	9093994.0957	0.0206	-0.1257	-0.0415	0.2957
-3.2910	9094013.9468	0.0215	-0.1265	-0.0431	0.2954
-3.2810	9094031.2234	0.0215	-0.1273	-0.0429	0.2953
-3.2710	9094050.7340	0.0213	-0.1293	-0.0418	0.2979
-3.2610	9094069.3404	0.0216	-0.1289	-0.0421	0.2966
-3.2510	9094088.3191	0.0209	-0.1313	-0.0405	0.2987
-3.2410	9094106.9468	0.0223	-0.1317	-0.0434	0.2989
-3.2310	9094124.8298	0.0215	-0.1329	-0.0414	0.3000
-3.2210	9094143.5638	0.0211	-0.1335	-0.0405	0.2996
-3.2110	9094163.4894	0.0223	-0.1347	-0.0424	0.3009
-3.2010	9094182.9043	0.0217	-0.1354	-0.0410	0.3000
-3.1910	9094201.3936	0.0223	-0.1369	-0.0418	0.3020
-3.1810	9094220.3936	0.0227	-0.1375	-0.0427	0.3011
-3.1710	9094240.6596	0.0229	-0.1398	-0.0427	0.3037
-3.1610	9094257.6596	0.0232	-0.1398	-0.0428	0.3030
-3.1510	9094276.6064	0.0233	-0.1416	-0.0426	0.3053
-3.1410	9094295.8298	0.0237	-0.1429	-0.0434	0.3051
-3.1310	9094315.1702	0.0236	-0.1428	-0.0433	0.3046
-3.1210	9094334.8298	0.0233	-0.1426	-0.0423	0.3036
-3.1110	9094353.7234	0.0232	-0.1460	-0.0417	0.3064
-3.1010	9094371.3936	0.0242	-0.1459	-0.0436	0.3060
-3.0910	9094390.5106	0.0235	-0.1479	-0.0417	0.3066
-3.0810	9094409.1170	0.0243	-0.1493	-0.0428	0.3085
-3.0710	9094428.5638	0.0254	-0.1501	-0.0446	0.3076
-3.0610	9094447.4362	0.0241	-0.1518	-0.0419	0.3093
-3.0510	9094466.4894	0.0247	-0.1518	-0.0430	0.3097
-3.0410	9094485.0000	0.0246	-0.1527	-0.0425	0.3079
-3.0310	9094504.3191	0.0259	-0.1537	-0.0450	0.3095
-3.0210	9094523.0532	0.0256	-0.1547	-0.0438	0.3091
-3.0110	9094541.8298	0.0254	-0.1554	-0.0432	0.3090
-3.0010	9094561.1702	0.0254	-0.1570	-0.0428	0.3105
-2.9910	9094580.0000	0.0263	-0.1607	-0.0439	0.3126
-2.9810	9094598.9468	0.0259	-0.1598	-0.0434	0.3120
-2.9710	9094617.2234	0.0260	-0.1630	-0.0427	0.3132
-2.9610	9094637.6596	0.0270	-0.1624	-0.0442	0.3144
-2.9510	9094655.7340	0.0270	-0.1641	-0.0441	0.3132
-2.9410	9094675.6064	0.0259	-0.1624	-0.0428	0.3119
-2.9310	9094694.4894	0.0264	-0.1667	-0.0424	0.3134
-2.9210	9094713.0957	0.0282	-0.1667	-0.0458	0.3135
-2.9110	9094731.8298	0.0271	-0.1700	-0.0430	0.3170
-2.9010	9094750.3936	0.0274	-0.1713	-0.0433	0.3167
-2.8910	9094768.4894	0.0279	-0.1709	-0.0446	0.3162
-2.8810	9094788.4362	0.0283	-0.1739	-0.0442	0.3178
-2.8710	9094807.6596	0.0284	-0.1747	-0.0441	0.3179
-2.8610	9094825.1702	0.0282	-0.1758	-0.0433	0.3185
-2.8510	9094844.3936	0.0287	-0.1760	-0.0446	0.3170
-2.8410	9094863.1702	0.0290	-0.1787	-0.0445	0.3196
-2.8310	9094882.3404	0.0287	-0.1793	-0.0435	0.3191
-2.8210	9094900.6809	0.0294	-0.1804	-0.0442	0.3191
-2.8110	9094919.6809	0.0293	-0.1816	-0.0443	0.3197
-2.8010	9094939.1702	0.0294	-0.1826	-0.0439	0.3181
-2.7910	9094958.0000	0.0293	-0.1848	-0.0430	0.3199
-2.7810	9094977.5745	0.0307	-0.1886	-0.0450	0.3237
-2.7710	9094996.6596	0.0307	-0.1882	-0.0453	0.3231
-2.7610	9095015.0000	0.0311	-0.1887	-0.0458	0.3226
-2.7510	9095034.1702	0.0292	-0.1905	-0.0423	0.3228
-2.7410	9095052.2234	0.0305	-0.1909	-0.0439	0.3210
-2.7310	9095072.3404	0.0306	-0.1944	-0.0437	0.3244
-2.7210	9095091.1702	0.0306	-0.1934	-0.0438	0.3234
-2.7110	9095110.3404	0.0319	-0.1977	-0.0449	0.3242
-2.7010	9095128.4255	0.0302	-0.1976	-0.0422	0.3242
-2.6910	9095147.8298	0.0334	-0.2007	-0.0467	0.3273
-2.6810	9095166.2553	0.0320	-0.2023	-0.0443	0.3267
-2.6710	9095185.0638	0.0322	-0.2028	-0.0443	0.3264
-2.6610	9095203.4255	0.0321	-0.2035	-0.0437	0.3270
-2.6510	9095222.4043	0.0323	-0.2066	-0.0440	0.3284
-2.6410	9095241.4894	0.0331	-0.2075	-0.0446	0.3272
-2.6310	9095260.3404	0.0329	-0.2095	-0.0441	0.3286
-2.6210	9095279.2340	0.0336	-0.2112	-0.0446	0.3288
-2.6110	9095299.6596	0.0329	-0.2126	-0.0439	0.3294
-2.6010	9095319.0000	0.0325	-0.2140	-0.0425	0.3303
-2.5910	9095336.9362	0.0343	-0.2154	-0.0445	0.3299
-2.5810	9095355.8298	0.0345	-0.2183	-0.0449	0.3319
-2.5710	9095374.1702	0.0344	-0.2180	-0.0442	0.3287
-2.5610	9095393.5957	0.0350	-0.2201	-0.0448	0.3308
-2.5510	9095412.1702	0.0351	-0.2215	-0.0445	0.3311
-2.5410	9095429.8298	0.0360	-0.2220	-0.0460	0.3297
-2.5310	9095449.7447	0.0350	-0.2242	-0.0440	0.3305
-2.5210	9095468.9362	0.0351	-0.2254	-0.0439	0.3308
-2.5110	9095487.2553	0.0360	-0.2270	-0.0449	0.3312
-2.5010	9095505.7660	0.0370	-0.2291	-0.0460	0.3332
-2.4910	9095524.4043	0.0384	-0.2337	-0.0471	0.3320
-2.4810	9095543.4255	0.0356	-0.2340	-0.0430	0.3328
-2.4710	9095563.3404	0.0360	-0.2358	-0.0430	0.3339
-2.4610	9095581.1702	0.0388	-0.2374	-0.0469	0.3337
-2.4510	9095599.5106	0.0375	-0.2368	-0.0449	0.3334
-2.4410	9095618.9149	0.0379	-0.2424	-0.0447	0.3348
-2.4310	9095638.1702	0.0388	-0.2456	-0.0455	0.3362
-2.4210	9095657.4894	0.0388	-0.2452	-0.0451	0.3353
-2.4110	9095677.0638	0.0397	-0.2464	-0.0460	0.3345
-2.4010	9095696.4255	0.0387	-0.2441	-0.0445	0.3316
-2.3910	9095715.4043	0.0387	-0.2517	-0.0438	0.3351
-2.3810	9095733.7447	0.0397	-0.2523	-0.0451	0.3358
-2.3710	9095752.5106	0.0397	-0.2522	-0.0449	0.3347
-2.3610	9095771.4894	0.0408	-0.2536	-0.0456	0.3340
-2.3510	9095790.8298	0.0386	-0.2576	-0.0423	0.3355
-2.3410	9095809.1702	0.0421	-0.2612	-0.0464	0.3377
-2.3310	9095828.8298	0.0404	-0.2627	-0.0441	0.3382
-2.3210	9095848.0000	0.0406	-0.2645	-0.0437	0.3384
-2.3110	9095867.2553	0.0403	-0.2639	-0.0437	0.3345
-2.3010	9095886.1702	0.0420	-0.2689	-0.0439	0.3367
-2.2910	9095905.0000	0.0427	-0.2701	-0.0449	0.3358
-2.2810	9095923.5745	0.0432	-0.2728	-0.0450	0.3375
-2.2710	9095941.8298	0.0420	-0.2736	-0.0438	0.3369
-2.2610	9095961.0000	0.0432	-0.2782	-0.0446	0.3388
-2.2510	9095979.6596	0.0413	-0.2767	-0.0416	0.3353
-2.2410	9095998.2553	0.0448	-0.2767	-0.0466	0.3363
-2.2310	9096017.5957	0.0425	-0.2802	-0.0430	0.3378
-2.2210	9096036.4894	0.0445	-0.2830	-0.0448	0.3358
-2.2110	9096054.8298	0.0441	-0.2870	-0.0440	0.3378
-2.2010	9096072.8511	0.0441	-0.2874	-0.0434	0.3359
-2.1910	9096092.0000	0.0461	-0.2884	-0.0452	0.3359
-2.1810	9096110.7234	0.0445	-0.2937	-0.0431	0.3371
-2.1710	9096129.7447	0.0462	-0.2928	-0.0449	0.3369
-2.1610	9096147.1489	0.0463	-0.2963	-0.0441	0.3358
-2.1510	9096166.7447	0.0457	-0.3011	-0.0431	0.3378
-2.1410	9096186.4043	0.0456	-0.3002	-0.0434	0.3368
-2.1310	9096204.8298	0.0482	-0.3055	-0.0452	0.3367
-2.1210	9096224.7660	0.0494	-0.3067	-0.0453	0.3370
-2.1110	9096243.6596	0.0479	-0.3062	-0.0441	0.3371
-2.1010	9096262.5957	0.0473	-0.3105	-0.0429	0.3362
-2.0910	9096281.0638	0.0475	-0.3151	-0.0427	0.3372
-2.0810	9096300.1702	0.0488	-0.3177	-0.0437	0.3370
-2.0710	9096318.3404	0.0486	-0.3170	-0.0438	0.3371
-2.0610	9096336.8298	0.0502	-0.3197	-0.0441	0.3338
-2.0510	9096356.4043	0.0478	-0.3239	-0.0413	0.3360
-2.0410	9096375.2553	0.0486	-0.3232	-0.0425	0.3342
-2.0310	9096394.2340	0.0503	-0.3261	-0.0431	0.3358
-2.0210	9096413.6596	0.0499	-0.3240	-0.0427	0.3306
-2.0110	9096431.7447	0.0513	-0.3354	-0.0430	0.3354
-2.0010	9096451.3404	0.0514	-0.3354	-0.0422	0.3332
-1.9910	9096469.7660	0.0523	-0.3387	-0.0434	0.3345
-1.9810	9096488.1064	0.0513	-0.3401	-0.0419	0.3335
-1.9710	9096507.0000	0.0534	-0.3397	-0.0435	0.3305
-1.9610	9096526.4894	0.0534	-0.3506	-0.0419	0.3338
-1.9510	9096545.5745	0.0551	-0.3445	-0.0444	0.3303
-1.9410	9096563.8298	0.0532	-0.3495	-0.0411	0.3280
-1.9310	9096582.7660	0.0526	-0.3510	-0.0409	0.3326
-1.9210	9096601.0851	0.0554	-0.3572	-0.0426	0.3320
-1.9110	9096620.5745	0.0541	-0.3584	-0.0411	0.3315
-1.9010	9096638.6596	0.0543	-0.3595	-0.0407	0.3293
-1.8910	9096658.1702	0.0552	-0.3613	-0.0413	0.3281
-1.8810	9096677.5957	0.0564	-0.3620	-0.0417	0.3254
-1.8710	9096696.5745	0.0553	-0.3669	-0.0406	0.3272
-1.8610	9096715.0000	0.0568	-0.3728	-0.0410	0.3273
-1.8510	9096733.6596	0.0572	-0.3743	-0.0408	0.3264
-1.8410	9096752.8298	0.0566	-0.3733	-0.0407	0.3255
-1.8310	9096773.1064	0.0566	-0.3791	-0.0391	0.3212
-1.8210	9096792.0000	0.0582	-0.3846	-0.0403	0.3252
-1.8110	9096810.5957	0.0591	-0.3852	-0.0400	0.3214
-1.8010	9096829.3404	0.0580	-0.3853	-0.0400	0.3221
-1.7910	9096848.4043	0.0601	-0.3889	-0.0404	0.3203
-1.7810	9096867.6596	0.0586	-0.3956	-0.0389	0.3204
-1.7710	9096886.2447	0.0591	-0.3977	-0.0388	0.3200
-1.7610	9096907.0000	0.0614	-0.3993	-0.0404	0.3198
-1.7510	9096925.0000	0.0596	-0.4023	-0.0379	0.3150
-1.7410	9096944.2553	0.0607	-0.4076	-0.0383	0.3176
-1.7310	9096962.1702	0.0607	-0.4084	-0.0376	0.3161
-1.7210	9096981.8298	0.0579	-0.4104	-0.0349	0.3135
-1.7110	9097001.3191	0.0632	-0.4173	-0.0379	0.3124
-1.7010	9097019.4149	0.0624	-0.4163	-0.0376	0.3114
-1.6910	9097038.2447	0.0630	-0.4179	-0.0373	0.3101
-1.6810	9097056.3404	0.0627	-0.4233	-0.0362	0.3070
-1.6710	9097075.8298	0.0624	-0.4258	-0.0355	0.3074
-1.6610	9097095.6596	0.0645	-0.4281	-0.0361	0.3023
-1.6510	9097114.4149	0.0640	-0.4323	-0.0358	0.3036
-1.6410	9097132.5851	0.0646	-0.4339	-0.0365	0.3047
-1.6310	9097150.4894	0.0665	-0.4378	-0.0354	0.2990
-1.6210	9097169.3404	0.0648	-0.4418	-0.0352	0.2997
-1.6110	9097188.5851	0.0643	-0.4422	-0.0339	0.2996
-1.6010	9097206.8511	0.0654	-0.4472	-0.0342	0.2976
-1.5910	9097226.4894	0.0691	-0.4466	-0.0363	0.2944
-1.5810	9097245.8298	0.0638	-0.4493	-0.0326	0.2929
-1.5710	9097265.0000	0.0660	-0.4527	-0.0321	0.2878
-1.5610	9097283.5106	0.0671	-0.4608	-0.0325	0.2889
-1.5510	9097302.6596	0.0673	-0.4594	-0.0322	0.2869
-1.5410	9097321.6596	0.0654	-0.4599	-0.0309	0.2829
-1.5310	9097340.8298	0.0674	-0.4667	-0.0308	0.2809
-1.5210	9097359.6596	0.0689	-0.4640	-0.0322	0.2816
-1.5110	9097376.8298	0.0689	-0.4713	-0.0309	0.2772
-1.5010	9097395.0957	0.0693	-0.4798	-0.0303	0.2732
-1.4910	9097414.4894	0.0695	-0.4749	-0.0302	0.2738
-1.4810	9097434.6596	0.0686	-0.4806	-0.0283	0.2713
-1.4710	9097452.8298	0.0698	-0.4813	-0.0290	0.2691
-1.4610	9097472.5106	0.0701	-0.4853	-0.0291	0.2658
-1.4510	9097490.8298	0.0702	-0.4924	-0.0273	0.2642
-1.4410	9097510.0745	0.0729	-0.4967	-0.0287	0.2613
-1.4310	9097528.0000	0.0728	-0.4912	-0.0292	0.2618
-1.4210	9097547.1702	0.0718	-0.4987	-0.0261	0.2561
-1.4110	9097567.0000	0.0721	-0.5048	-0.0260	0.2494
-1.4010	9097586.0000	0.0720	-0.5001	-0.0261	0.2510
-1.3910	9097605.1702	0.0731	-0.5079	-0.0259	0.2467
-1.3810	9097623.8298	0.0717	-0.5097	-0.0241	0.2430
-1.3710	9097643.1702	0.0730	-0.5166	-0.0231	0.2381
-1.3610	9097662.8298	0.0761	-0.5159	-0.0244	0.2387
-1.3510	9097681.5851	0.0737	-0.5178	-0.0235	0.2355
-1.3410	9097700.6596	0.0763	-0.5211	-0.0223	0.2286
-1.3310	9097718.1702	0.0727	-0.5214	-0.0218	0.2268
-1.3210	9097737.7553	0.0747	-0.5252	-0.0213	0.2219
-1.3110	9097757.2447	0.0738	-0.5319	-0.0202	0.2198
-1.3010	9097775.3191	0.0760	-0.5292	-0.0209	0.2163
-1.2910	9097794.6596	0.0759	-0.5406	-0.0201	0.2099
-1.2810	9097814.3404	0.0762	-0.5399	-0.0195	0.2101
-1.2710	9097832.4149	0.0765	-0.5383	-0.0181	0.2054
-1.2610	9097850.7553	0.0767	-0.5433	-0.0175	0.1999
-1.2510	9097869.5851	0.0745	-0.5472	-0.0158	0.1963
-1.2410	9097888.3404	0.0781	-0.5433	-0.0174	0.1947
-1.2310	9097907.0000	0.0788	-0.5516	-0.0167	0.1878
-1.2210	9097925.6809	0.0779	-0.5528	-0.0159	0.1846
-1.2110	9097944.4149	0.0780	-0.5546	-0.0139	0.1809
-1.2010	9097963.7553	0.0774	-0.5574	-0.0127	0.1747
-1.1910	9097982.4149	0.0748	-0.5589	-0.0129	0.1714
-1.1810	9098002.1702	0.0777	-0.5594	-0.0128	0.1667
-1.1710	9098020.8298	0.0756	-0.5624	-0.0108	0.1633
-1.1610	9098039.0000	0.0796	-0.5649	-0.0110	0.1583
-1.1510	9098058.3404	0.0777	-0.5685	-0.0094	0.1561
-1.1410	9098077.6809	0.0796	-0.5704	-0.0098	0.1456
-1.1310	9098096.8298	0.0791	-0.5769	-0.0100	0.1426
-1.1210	9098116.1702	0.0783	-0.5735	-0.0085	0.1405
-1.1110	9098135.0000	0.0772	-0.5770	-0.0080	0.1333
-1.1010	9098153.8298	0.0750	-0.5783	-0.0056	0.1230
-1.0910	9098173.0957	0.0766	-0.5803	-0.0057	0.1244
-1.0810	9098191.2447	0.0748	-0.5755	-0.0057	0.1192
-1.0710	9098210.5851	0.0790	-0.5772	-0.0040	0.1123
-1.0610	9098229.0745	0.0785	-0.5869	-0.0050	0.1033
-1.0510	9098248.1702	0.0766	-0.5865	-0.0016	0.1005
-1.0410	9098266.5851	0.0818	-0.5851	-0.0025	0.0937
-1.0310	9098284.5851	0.0770	-0.5841	-0.0005	0.0877
-1.0210	9098303.5851	0.0791	-0.5843	-0.0009	0.0842
-1.0110	9098323.0745	0.0773	-0.5894	0.0005	0.0767
-1.0010	9098340.4894	0.0777	-0.5891	0.0016	0.0710
-0.9910	9098359.5851	0.0744	-0.5908	0.0027	0.0641
-0.9810	9098378.5106	0.0795	-0.5907	0.0032	0.0580
-0.9710	9098396.9255	0.0783	-0.5906	0.0045	0.0498
-0.9610	9098416.4149	0.0791	-0.5908	0.0048	0.0455
-0.9510	9098435.5106	0.0756	-0.5933	0.0055	0.0414
-0.9410	9098455.0000	0.0751	-0.5868	0.0044	0.0344
-0.9310	9098474.5851	0.0770	-0.5929	0.0095	0.0231
-0.9210	9098493.0000	0.0758	-0.5926	0.0081	0.0182
-0.9110	9098511.4894	0.0761	-0.5960	0.0086	0.0114
-0.9010	9098530.4894	0.0794	-0.5897	0.0106	0.0045
-0.8910	9098550.6809	0.0751	-0.5885	0.0108	-0.0029
-0.8810	9098569.9255	0.0739	-0.5929	0.0109	-0.0075
-0.8710	9098587.3404	0.0734	-0.5902	0.0122	-0.0139
-0.8610	9098606.6596	0.0718	-0.5869	0.0142	-0.0227
-0.8510	9098625.7553	0.0722	-0.5802	0.0146	-0.0311
-0.8410	9098644.8298	0.0718	-0.5876	0.0147	-0.0356
-0.8310	9098664.4043	0.0737	-0.5852	0.0167	-0.0467
-0.8210	9098682.4255	0.0704	-0.5812	0.0164	-0.0529
-0.8110	9098702.0000	0.0724	-0.5818	0.0182	-0.0585
-0.8010	9098720.6809	0.0712	-0.5766	0.0178	-0.0629
-0.7910	9098740.0000	0.0751	-0.5790	0.0201	-0.0733
-0.7810	9098758.3191	0.0688	-0.5737	0.0220	-0.0821
-0.7710	9098777.4149	0.0706	-0.5692	0.0216	-0.0843
-0.7610	9098796.7660	0.0687	-0.5653	0.0222	-0.0966
-0.7510	9098815.4149	0.0703	-0.5626	0.0224	-0.1016
-0.7410	9098834.1702	0.0668	-0.5622	0.0244	-0.1080
-0.7310	9098852.6596	0.0645	-0.5560	0.0240	-0.1152
-0.7210	9098872.2660	0.0666	-0.5571	0.0262	-0.1239
-0.7110	9098890.8298	0.0669	-0.5489	0.0277	-0.1296
-0.7010	9098909.3404	0.0639	-0.5453	0.0278	-0.1410
-0.6910	9098927.8298	0.0635	-0.5385	0.0276	-0.1411
-0.6810	9098947.0638	0.0643	-0.5377	0.0288	-0.1546
-0.6710	9098966.1702	0.0620	-0.5317	0.0303	-0.1599
-0.6610	9098984.6596	0.0591	-0.5268	0.0289	-0.1629
-0.6510	9099003.3404	0.0593	-0.5217	0.0301	-0.1722
-0.6410	9099022.4043	0.0587	-0.5146	0.0308	-0.1788
-0.6310	9099040.8298	0.0592	-0.5045	0.0315	-0.1829
-0.6210	9099059.7660	0.0567	-0.5023	0.0309	-0.1922
-0.6110	9099078.9362	0.0577	-0.4954	0.0329	-0.1951
-0.6010	9099098.5106	0.0595	-0.4892	0.0346	-0.2063
-0.5910	9099117.5745	0.0541	-0.4865	0.0325	-0.2103
-0.5810	9099136.4894	0.0539	-0.4766	0.0343	-0.2177
-0.5710	9099154.5106	0.0524	-0.4668	0.0346	-0.2201
-0.5610	9099172.8298	0.0503	-0.4601	0.0349	-0.2245
-0.5510	9099191.6596	0.0499	-0.4547	0.0351	-0.2331
-0.5410	9099210.9149	0.0501	-0.4458	0.0372	-0.2379
-0.5310	9099229.4255	0.0476	-0.4378	0.0356	-0.2430
-0.5210	9099249.3404	0.0449	-0.4323	0.0356	-0.2482
-0.5110	9099267.2553	0.0470	-0.4205	0.0378	-0.2525
-0.5010	9099286.5745	0.0461	-0.4137	0.0363	-0.2561
-0.4910	9099306.0851	0.0439	-0.4028	0.0381	-0.2590
-0.4810	9099324.3404	0.0439	-0.3956	0.0384	-0.2639
-0.4710	9099342.5957	0.0420	-0.3848	0.0385	-0.2669
-0.4610	9099362.4043	0.0420	-0.3769	0.0377	-0.2720
-0.4510	9099381.8298	0.0388	-0.3667	0.0375	-0.2739
-0.4410	9099400.8936	0.0362	-0.3557	0.0371	-0.2754
-0.4310	9099419.6596	0.0366	-0.3459	0.0391	-0.2778
-0.4210	9099439.2553	0.0350	-0.3360	0.0369	-0.2809
-0.4110	9099458.1702	0.0371	-0.3245	0.0388	-0.2823
-0.4010	9099476.5957	0.0321	-0.3128	0.0371	-0.2830
-0.3910	9099495.0000	0.0325	-0.3029	0.0376	-0.2851
-0.3810	9099513.9362	0.0297	-0.2917	0.0356	-0.2843
-0.3710	9099533.1702	0.0302	-0.2805	0.0375	-0.2847
-0.3610	9099552.0000	0.0283	-0.2710	0.0372	-0.2854
-0.3510	9099570.7660	0.0266	-0.2603	0.0366	-0.2859
-0.3410	9099590.3404	0.0261	-0.2474	0.0359	-0.2840
-0.3310	9099608.4894	0.0246	-0.2364	0.0353	-0.2822
-0.3210	9099626.8298	0.0229	-0.2258	0.0354	-0.2790
-0.3110	9099644.9149	0.0212	-0.2156	0.0342	-0.2773
-0.3010	9099664.0000	0.0200	-0.2080	0.0337	-0.2763
-0.2910	9099683.3191	0.0181	-0.1943	0.0318	-0.2728
-0.2810	9099701.5745	0.0159	-0.1853	0.0307	-0.2696
-0.2710	9099721.2553	0.0167	-0.1740	0.0322	-0.2652
-0.2610	9099739.8511	0.0153	-0.1631	0.0305	-0.2610
-0.2510	9099759.1702	0.0149	-0.1528	0.0312	-0.2561
-0.2410	9099777.8298	0.0133	-0.1421	0.0302	-0.2505
-0.2310	9099797.0000	0.0122	-0.1319	0.0286	-0.2440
-0.2210	9099816.6809	0.0122	-0.1221	0.0286	-0.2385
-0.2110	9099834.5745	0.0113	-0.1124	0.0285	-0.2323
-0.2010	9099854.0000	0.0107	-0.1027	0.0276	-0.2250
-0.1910	9099872.8511	0.0084	-0.0949	0.0248	-0.2189
-0.1810	9099891.0000	0.0074	-0.0867	0.0240	-0.2116
-0.1710	9099910.1064	0.0072	-0.0780	0.0233	-0.2032
-0.1610	9099928.5106	0.0064	-0.0699	0.0226	-0.1949
-0.1510	9099947.5745	0.0064	-0.0627	0.0223	-0.1864
-0.1410	9099966.2340	0.0046	-0.0562	0.0194	-0.1786
-0.1310	9099985.5745	0.0044	-0.0478	0.0191	-0.1673
-0.1210	9100004.4255	0.0040	-0.0413	0.0183	-0.1583
-0.1110	9100023.9362	0.0031	-0.0354	0.0168	-0.1484
-0.1010	9100043.1064	0.0028	-0.0295	0.0155	-0.1372
-0.0910	9100061.4894	0.0019	-0.0241	0.0133	-0.1269
-0.0810	9100080.5745	0.0016	-0.0197	0.0125	-0.1161
-0.0710	9100099.5106	0.0017	-0.0152	0.0127	-0.1048
-0.0610	9100117.9362	0.0010	-0.0117	0.0104	-0.0937
-0.0510	9100137.3404	0.0008	-0.0084	0.0095	-0.0833
-0.0410	9100155.3404	0.0005	-0.0056	0.0083	-0.0713
-0.0310	9100174.5106	0.0003	-0.0037	0.0067	-0.0610
-0.0210	9100194.1064	0.0002	-0.0017	0.0060	-0.0478
-0.0110	9100213.6596	-0.0000	-0.0003	0.0037	-0.0345
-0.0010	9100229.9362	-0.0001	0.0003	0.0025	-0.0236
0.0090	9100248.5957	-0.0002	0.0004	0.0015	-0.0127
0.0190	9100268.3191	0.0001	-0.0000	-0.0010	-0.0009
0.0290	9100288.1064	-0.0000	-0.0010	-0.0005	0.0117
0.0390	9100306.3404	0.0005	-0.0024	-0.0032	0.0235
0.0490	9100326.1064	0.0005	-0.0048	-0.0042	0.0362
0.0590	9100345.8298	0.0008	-0.0070	-0.0057	0.0475
0.0690	9100364.8298	0.0010	-0.0100	-0.0066	0.0595
0.0790	9100383.0000	0.0016	-0.0137	-0.0083	0.0707
0.0890	9100401.6596	0.0014	-0.0176	-0.0083	0.0819
0.0990	9100420.9149	0.0022	-0.0222	-0.0102	0.0933
0.1090	9100440.0000	0.0026	-0.0268	-0.0115	0.1039
0.1190	9100458.4255	0.0033	-0.0316	-0.0131	0.1147
0.1290	9100478.1702	0.0036	-0.0375	-0.0137	0.1246
0.1390	9100496.7766	0.0043	-0.0440	-0.0155	0.1358
0.1490	9100516.2553	0.0050	-0.0504	-0.0165	0.1452
0.1590	9100535.7660	0.0064	-0.0579	-0.0191	0.1555
0.1690	9100554.1064	0.0064	-0.0649	-0.0188	0.1643
0.1790	9100574.4574	0.0077	-0.0735	-0.0204	0.1738
0.1890	9100592.5957	0.0083	-0.0817	-0.0214	0.1820
0.1990	9100611.3404	0.0090	-0.0896	-0.0223	0.1902
0.2090	9100629.7766	0.0097	-0.0979	-0.0228	0.1969
0.2190	9100649.5106	0.0097	-0.1073	-0.0226	0.2060
0.2290	9100667.9043	0.0102	-0.1165	-0.0229	0.2122
0.2390	9100686.2234	0.0115	-0.1265	-0.0247	0.2203
0.2490	9100704.4894	0.0135	-0.1352	-0.0266	0.2253
0.2590	9100722.2553	0.0149	-0.1441	-0.0277	0.2316
0.2690	9100741.0000	0.0154	-0.1540	-0.0285	0.2365
0.2790	9100760.3404	0.0174	-0.1631	-0.0294	0.2394
0.2890	9100778.4043	0.0172	-0.1746	-0.0288	0.2462
0.2990	9100797.9468	0.0192	-0.1836	-0.0313	0.2494
0.3090	9100817.0426	0.0208	-0.1966	-0.0318	0.2562
0.3190	9100836.0000	0.0211	-0.2059	-0.0315	0.2576
0.3290	9100856.4362	0.0217	-0.2190	-0.0313	0.2627
0.3390	9100874.7766	0.0237	-0.2296	-0.0329	0.2646
0.3490	9100893.7766	0.0254	-0.2388	-0.0336	0.2647
0.3590	9100912.9468	0.0259	-0.2506	-0.0336	0.2689
0.3690	9100931.4362	0.0286	-0.2628	-0.0359	0.2692
0.3790	9100949.6809	0.0281	-0.2717	-0.0343	0.2690
0.3890	9100969.9468	0.0291	-0.2829	-0.0343	0.2707
0.3990	9100989.5532	0.0329	-0.2933	-0.0366	0.2704
0.4090	9101008.1702	0.0331	-0.3068	-0.0353	0.2715
0.4190	9101026.7766	0.0328	-0.3161	-0.0349	0.2695
0.4290	9101045.3830	0.0351	-0.3256	-0.0349	0.2681
0.4390	9101064.6809	0.0345	-0.3380	-0.0350	0.2683
0.4490	9101083.4894	0.0378	-0.3484	-0.0363	0.2668
0.4590	9101102.9468	0.0390	-0.3561	-0.0358	0.2633
0.4690	9101121.0213	0.0414	-0.3653	-0.0366	0.2599
0.4790	9101140.0745	0.0420	-0.3768	-0.0363	0.2585
0.4890	9101158.6809	0.0434	-0.3840	-0.0370	0.2546
0.4990	9101177.0000	0.0439	-0.3942	-0.0356	0.2520
0.5090	9101196.2872	0.0442	-0.4037	-0.0354	0.2480
0.5190	9101214.7766	0.0457	-0.4161	-0.0351	0.2461
0.5290	9101234.2872	0.0469	-0.4208	-0.0353	0.2422
0.5390	9101253.7979	0.0467	-0.4314	-0.0346	0.2359
0.5490	9101271.2660	0.0483	-0.4377	-0.0342	0.2317
0.5590	9101290.9468	0.0478	-0.4457	-0.0333	0.2252
0.5690	9101310.3404	0.0511	-0.4544	-0.0341	0.2223
0.5790	9101329.2128	0.0537	-0.4643	-0.0331	0.2156
0.5890	9101348.3404	0.0561	-0.4698	-0.0345	0.2101
0.5990	9101366.7766	0.0593	-0.4736	-0.0340	0.2032
0.6090	9101385.4362	0.0557	-0.4839	-0.0323	0.1980
0.6190	9101404.1170	0.0573	-0.4883	-0.0308	0.1913
0.6290	9101424.1702	0.0583	-0.5003	-0.0306	0.1863
0.6390	9101442.4574	0.0584	-0.5016	-0.0304	0.1785
0.6490	9101461.3830	0.0594	-0.5129	-0.0293	0.1747
0.6590	9101480.2660	0.0593	-0.5153	-0.0293	0.1663
0.6690	9101499.6064	0.0583	-0.5203	-0.0272	0.1589
0.6790	9101518.5106	0.0608	-0.5226	-0.0275	0.1506
0.6890	9101537.1170	0.0624	-0.5291	-0.0267	0.1440
0.6990	9101556.6809	0.0648	-0.5344	-0.0258	0.1367
0.7090	9101576.1170	0.0650	-0.5380	-0.0252	0.1308
0.7190	9101594.9468	0.0655	-0.5474	-0.0244	0.1217
0.7290	9101613.2872	0.0681	-0.5492	-0.0236	0.1148
0.7390	9101632.9468	0.0676	-0.5532	-0.0228	0.1080
0.7490	9101652.6277	0.0646	-0.5540	-0.0216	0.1000
0.7590	9101672.1170	0.0666	-0.5585	-0.0221	0.0926
0.7690	9101689.7766	0.0675	-0.5621	-0.0200	0.0845
0.7790	9101709.0426	0.0668	-0.5629	-0.0196	0.0771
0.7890	9101728.1702	0.0701	-0.5665	-0.0201	0.0697
0.7990	9101747.1170	0.0744	-0.5672	-0.0186	0.0597
0.8090	9101765.3404	0.0715	-0.5706	-0.0169	0.0546
0.8190	9101784.6064	0.0725	-0.5680	-0.0165	0.0474
0.8290	9101803.3404	0.0700	-0.5706	-0.0153	0.0397
0.8390	9101821.4574	0.0720	-0.5737	-0.0140	0.0305
0.8490	9101839.7234	0.0696	-0.5745	-0.0139	0.0242
0.8590	9101858.5532	0.0725	-0.5740	-0.0133	0.0180
0.8690	9101877.9468	0.0746	-0.5786	-0.0103	0.0046
0.8790	9101896.7766	0.0726	-0.5834	-0.0098	0.0042
0.8890	9101915.7766	0.0754	-0.5794	-0.0091	-0.0067
0.8990	9101934.5532	0.0738	-0.5780	-0.0101	-0.0145
0.9090	9101953.5532	0.0770	-0.5810	-0.0077	-0.0199
0.9190	9101972.2872	0.0719	-0.5780	-0.0062	-0.0281
0.9290	9101991.7979	0.0755	-0.5776	-0.0058	-0.0366
0.9390	9102009.6064	0.0755	-0.5789	-0.0051	-0.0397
0.9490	9102028.8511	0.0745	-0.5788	-0.0050	-0.0470
0.9590	9102047.7234	0.0766	-0.5777	-0.0039	-0.0544
0.9690	9102066.4574	0.0764	-0.5833	-0.0026	-0.0616
0.9790	9102084.7766	0.0728	-0.5816	-0.0013	-0.0691
0.9890	9102103.6064	0.0758	-0.5756	-0.0007	-0.0754
0.9990	9102123.8936	0.0757	-0.5749	-0.0007	-0.0821
1.0090	9102142.2660	0.0749	-0.5716	0.0010	-0.0878
1.0190	9102161.6064	0.0755	-0.5719	0.0019	-0.0942
1.0290	9102180.8936	0.0740	-0.5716	0.0024	-0.1012
1.0390	9102199.7766	0.0784	-0.5663	0.0039	-0.1069
1.0490	9102219.4574	0.0753	-0.5684	0.0043	-0.1174
1.0590	9102237.7979	0.0754	-0.5695	0.0059	-0.1221
1.0690	9102256.4574	0.0759	-0.5669	0.0068	-0.1266
1.0790	9102275.0426	0.0778	-0.5598	0.0076	-0.1296
1.0890	9102294.4362	0.0792	-0.5588	0.0096	-0.1368
1.0990	9102313.7234	0.0764	-0.5587	0.0082	-0.1388
1.1090	9102332.6809	0.0764	-0.5565	0.0108	-0.1522
1.1190	9102352.0638	0.0771	-0.5544	0.0105	-0.1537
1.1290	9102370.9468	0.0734	-0.5488	0.0116	-0.1599
1.1390	9102389.7766	0.0762	-0.5512	0.0119	-0.1655
1.1490	9102407.8936	0.0720	-0.5469	0.0112	-0.1687
1.1590	9102427.2872	0.0779	-0.5458	0.0135	-0.1751
1.1690	9102446.0426	0.0746	-0.5440	0.0146	-0.1834
1.1790	9102464.6277	0.0738	-0.5401	0.0144	-0.1822
1.1890	9102483.6809	0.0719	-0.5380	0.0144	-0.1887
1.1990	9102502.5532	0.0766	-0.5325	0.0168	-0.1916
1.2090	9102521.2872	0.0746	-0.5295	0.0183	-0.2005
1.2190	9102540.8936	0.0742	-0.5290	0.0170	-0.2005
1.2290	9102559.8511	0.0725	-0.5241	0.0189	-0.2075
1.2390	9102578.0000	0.0725	-0.5229	0.0179	-0.2077
1.2490	9102597.7234	0.0744	-0.5219	0.0197	-0.2138
1.2590	9102616.7447	0.0700	-0.5169	0.0187	-0.2177
1.2690	9102635.4574	0.0736	-0.5142	0.0215	-0.2212
1.2790	9102653.8936	0.0715	-0.5109	0.0213	-0.2309
1.2890	9102672.8936	0.0727	-0.5099	0.0223	-0.2299
1.2990	9102691.7447	0.0717	-0.5083	0.0219	-0.2327
1.3090	9102709.7234	0.0706	-0.5032	0.0231	-0.2451
1.3190	9102728.7979	0.0725	-0.4990	0.0240	-0.2338
1.3290	9102748.0851	0.0701	-0.4972	0.0238	-0.2425
1.3390	9102767.1277	0.0692	-0.4937	0.0246	-0.2480
1.3490	9102786.5319	0.0703	-0.4920	0.0256	-0.2521
1.3590	9102805.1277	0.0667	-0.4852	0.0241	-0.2546
1.3690	9102822.7447	0.0725	-0.4859	0.0260	-0.2527
1.3790	9102841.6383	0.0699	-0.4809	0.0267	-0.2541
1.3890	9102860.5745	0.0696	-0.4771	0.0271	-0.2616
1.3990	9102879.5745	0.0718	-0.4742	0.0292	-0.2621
1.4090	9102898.4255	0.0677	-0.4715	0.0273	-0.2628
1.4190	9102917.5745	0.0678	-0.4699	0.0285	-0.2682
1.4290	9102935.9149	0.0651	-0.4660	0.0280	-0.2751
1.4390	9102955.0851	0.0673	-0.4612	0.0301	-0.2723
1.4490	9102974.0851	0.0683	-0.4603	0.0316	-0.2809
1.4590	9102992.7447	0.0676	-0.4582	0.0316	-0.2819
1.4690	9103011.5745	0.0637	-0.4519	0.0293	-0.2780
1.4790	9103030.0851	0.0672	-0.4521	0.0322	-0.2850
1.4890	9103048.8936	0.0674	-0.4523	0.0332	-0.2942
1.4990	9103066.7872	0.0632	-0.4459	0.0296	-0.2847
1.5090	9103086.4043	0.0645	-0.4429	0.0312	-0.2895
1.5190	9103105.9787	0.0638	-0.4391	0.0321	-0.2937
1.5290	9103124.7447	0.0627	-0.4346	0.0329	-0.2940
1.5390	9103143.4255	0.0654	-0.4314	0.0340	-0.2957
1.5490	9103161.6383	0.0634	-0.4273	0.0341	-0.2955
1.5590	9103180.5745	0.0630	-0.4262	0.0342	-0.3023
1.5690	9103199.5745	0.0597	-0.4240	0.0321	-0.3030
1.5790	9103218.7021	0.0631	-0.4217	0.0349	-0.3040
1.5890	9103237.1277	0.0627	-0.4164	0.0362	-0.3069
1.5990	9103256.3617	0.0616	-0.4161	0.0362	-0.3114
1.6090	9103275.2553	0.0603	-0.4085	0.0344	-0.3038
1.6190	9103294.8085	0.0605	-0.4074	0.0359	-0.3098
1.6290	9103313.6383	0.0588	-0.4016	0.0350	-0.3093
1.6390	9103332.8723	0.0595	-0.4016	0.0360	-0.3071
1.6490	9103351.7021	0.0593	-0.3958	0.0371	-0.3138
1.6590	9103370.7021	0.0587	-0.3933	0.0372	-0.3127
1.6690	9103388.4043	0.0586	-0.3915	0.0369	-0.3136
1.6790	9103408.2553	0.0583	-0.3895	0.0384	-0.3198
1.6890	9103426.8723	0.0573	-0.3879	0.0370	-0.3180
1.6990	9103446.2553	0.0596	-0.3849	0.0390	-0.3206
1.7090	9103464.0851	0.0587	-0.3819	0.0401	-0.3231
1.7190	9103483.7447	0.0558	-0.3782	0.0385	-0.3251
1.7290	9103502.4255	0.0573	-0.3762	0.0391	-0.3223
1.7390	9103521.9149	0.0565	-0.3708	0.0394	-0.3199
1.7490	9103541.2553	0.0557	-0.3720	0.0392	-0.3281
1.7590	9103560.2553	0.0536	-0.3686	0.0381	-0.3266
1.7690	9103578.6383	0.0558	-0.3628	0.0407	-0.3315
1.7790	9103597.2553	0.0540	-0.3626	0.0391	-0.3239
1.7890	9103616.2553	0.0538	-0.3586	0.0397	-0.3295
1.7990	9103634.8511	0.0551	-0.3563	0.0401	-0.3265
1.8090	9103653.9149	0.0526	-0.3558	0.0390	-0.3328
1.8190	9103674.0851	0.0528	-0.3514	0.0405	-0.3321
1.8290	9103691.8936	0.0532	-0.3491	0.0408	-0.3327
1.8390	9103710.4255	0.0533	-0.3471	0.0411	-0.3305
1.8490	9103729.0851	0.0529	-0.3431	0.0420	-0.3348
1.8590	9103749.1915	0.0525	-0.3413	0.0414	-0.3329
1.8690	9103767.9149	0.0524	-0.3381	0.0418	-0.3371
1.8790	9103787.3191	0.0523	-0.3390	0.0428	-0.3385
1.8890	9103805.4043	0.0513	-0.3345	0.0421	-0.3364
1.8990	9103824.5319	0.0494	-0.3303	0.0408	-0.3346
1.9090	9103842.9149	0.0497	-0.3302	0.0408	-0.3367
1.9190	9103861.5319	0.0519	-0.3263	0.0441	-0.3363
1.9290	9103880.8723	0.0486	-0.3216	0.0410	-0.3356
1.9390	9103900.2660	0.0494	-0.3203	0.0424	-0.3370
1.9490	9103919.3936	0.0481	-0.3190	0.0423	-0.3405
1.9590	9103937.5319	0.0475	-0.3162	0.0411	-0.3364
1.9690	9103955.8936	0.0480	-0.3143	0.0425	-0.3395
1.9790	9103975.3404	0.0471	-0.3111	0.0427	-0.3405
1.9890	9103994.4043	0.0479	-0.3083	0.0435	-0.3393
1.9990	9104013.3298	0.0472	-0.3076	0.0426	-0.3389
2.0090	9104032.1596	0.0464	-0.3036	0.0424	-0.3387
2.0190	9104050.4043	0.0462	-0.3000	0.0431	-0.3411
2.0290	9104069.5532	0.0481	-0.2988	0.0448	-0.3385
2.0390	9104088.6702	0.0451	-0.2970	0.0423	-0.3407
2.0490	9104108.1596	0.0447	-0.2935	0.0434	-0.3407
2.0590	9104126.4043	0.0446	-0.2918	0.0421	-0.3363
2.0690	9104146.0106	0.0449	-0.2901	0.0439	-0.3438
2.0790	9104164.6702	0.0437	-0.2879	0.0426	-0.3430
2.0890	9104184.0638	0.0419	-0.2867	0.0413	-0.3444
2.0990	9104202.2766	0.0452	-0.2832	0.0455	-0.3398
2.1090	9104220.8404	0.0430	-0.2819	0.0430	-0.3406
2.1190	9104240.0106	0.0433	-0.2786	0.0440	-0.3381
2.1290	9104259.0106	0.0438	-0.2754	0.0449	-0.3413
2.1390	9104277.2340	0.0420	-0.2741	0.0426	-0.3380
2.1490	9104296.3723	0.0437	-0.2724	0.0455	-0.3399
2.1590	9104315.2660	0.0416	-0.2700	0.0434	-0.3415
2.1690	9104335.0532	0.0430	-0.2687	0.0449	-0.3366
2.1790	9104354.5319	0.0419	-0.2658	0.0445	-0.3402
2.1890	9104372.5745	0.0418	-0.2638	0.0444	-0.3373
2.1990	9104391.6596	0.0413	-0.2605	0.0451	-0.3386
2.2090	9104411.4255	0.0411	-0.2574	0.0453	-0.3370
2.2190	9104430.1915	0.0416	-0.2572	0.0455	-0.3388
2.2290	9104448.7021	0.0404	-0.2550	0.0450	-0.3386
2.2390	9104467.3936	0.0413	-0.2534	0.0458	-0.3397
2.2490	9104486.7340	0.0392	-0.2519	0.0433	-0.3377
2.2590	9104505.0426	0.0406	-0.2486	0.0457	-0.3347
2.2690	9104524.0851	0.0386	-0.2477	0.0439	-0.3395
2.2790	9104543.3617	0.0390	-0.2452	0.0453	-0.3396
2.2890	9104563.0213	0.0395	-0.2453	0.0451	-0.3384
2.2990	9104582.1064	0.0377	-0.2437	0.0435	-0.3388
2.3090	9104600.3617	0.0383	-0.2409	0.0442	-0.3367
2.3190	9104619.8723	0.0381	-0.2379	0.0449	-0.3352
2.3290	9104637.5638	0.0381	-0.2351	0.0455	-0.3344
2.3390	9104657.0532	0.0375	-0.2340	0.0455	-0.3362
2.3490	9104675.6170	0.0378	-0.2335	0.0456	-0.3371
2.3590	9104694.4255	0.0358	-0.2312	0.0431	-0.3366
2.3690	9104712.4468	0.0352	-0.2297	0.0427	-0.3367
2.3790	9104732.5319	0.0364	-0.2290	0.0444	-0.3344
2.3890	9104750.6170	0.0362	-0.2248	0.0450	-0.3343
2.3990	9104769.7660	0.0364	-0.2230	0.0457	-0.3330
2.4090	9104788.3936	0.0347	-0.2231	0.0438	-0.3359
2.4190	9104807.5638	0.0354	-0.2206	0.0450	-0.3340
2.4290	9104825.7340	0.0347	-0.2179	0.0445	-0.3320
2.4390	9104844.2447	0.0349	-0.2172	0.0453	-0.3361
2.4490	9104863.1915	0.0343	-0.2155	0.0448	-0.3326
2.4590	9104883.2447	0.0339	-0.2131	0.0445	-0.3321
2.4690	9104901.5319	0.0343	-0.2118	0.0448	-0.3329
2.4790	9104921.0745	0.0326	-0.2107	0.0433	-0.3324
2.4890	9104938.7872	0.0332	-0.2087	0.0445	-0.3312
2.4990	9104958.0745	0.0337	-0.2080	0.0448	-0.3315
2.5090	9104977.4468	0.0341	-0.2058	0.0460	-0.3312
2.5190	9104996.0745	0.0321	-0.2037	0.0437	-0.3295
2.5290	9105014.5851	0.0328	-0.2017	0.0454	-0.3286
2.5390	9105033.5851	0.0317	-0.2002	0.0435	-0.3292
2.5490	9105052.5851	0.0320	-0.1989	0.0446	-0.3289
2.5590	9105071.5745	0.0314	-0.1959	0.0440	-0.3276
2.5690	9105090.2553	0.0317	-0.1975	0.0450	-0.3322
2.5790	9105109.5851	0.0309	-0.1937	0.0443	-0.3248
2.5890	9105128.5426	0.0319	-0.1931	0.0459	-0.3283
2.5990	9105148.0319	0.0310	-0.1908	0.0450	-0.3255
2.6090	9105165.9043	0.0303	-0.1910	0.0435	-0.3286
2.6190	9105184.1596	0.0303	-0.1886	0.0444	-0.3276
2.6290	9105202.9894	0.0299	-0.1850	0.0438	-0.3231
2.6390	9105221.7660	0.0306	-0.1858	0.0451	-0.3251
2.6490	9105241.4894	0.0294	-0.1831	0.0438	-0.3231
2.6590	9105260.1809	0.0293	-0.1819	0.0442	-0.3251
2.6690	9105278.1915	0.0299	-0.1810	0.0451	-0.3247
2.6790	9105297.9574	0.0295	-0.1792	0.0441	-0.3202
2.6890	9105317.0638	0.0285	-0.1783	0.0434	-0.3227
2.6990	9105335.8723	0.0285	-0.1775	0.0439	-0.3235
2.7090	9105354.3617	0.0292	-0.1763	0.0453	-0.3231
2.7190	9105373.5319	0.0286	-0.1765	0.0443	-0.3250
2.7290	9105392.1489	0.0278	-0.1731	0.0431	-0.3198
2.7390	9105411.5319	0.0292	-0.1725	0.0465	-0.3238
2.7490	9105430.4043	0.0286	-0.1703	0.0453	-0.3227
2.7590	9105449.8830	0.0273	-0.1711	0.0430	-0.3230
2.7690	9105468.7021	0.0271	-0.1680	0.0431	-0.3191
2.7790	9105487.8723	0.0268	-0.1676	0.0426	-0.3198
2.7890	9105506.2234	0.0276	-0.1663	0.0448	-0.3196
2.7990	9105524.7021	0.0270	-0.1642	0.0438	-0.3180
2.8090	9105544.0319	0.0270	-0.1636	0.0444	-0.3181
2.8190	9105562.9043	0.0251	-0.1622	0.0413	-0.3174
2.8290	9105582.2128	0.0273	-0.1598	0.0462	-0.3178
2.8390	9105600.8723	0.0260	-0.1593	0.0434	-0.3160
2.8490	9105619.7021	0.0271	-0.1583	0.0455	-0.3157
2.8590	9105638.5106	0.0266	-0.1573	0.0454	-0.3160
2.8690	9105656.9043	0.0256	-0.1561	0.0438	-0.3148
2.8790	9105676.5745	0.0252	-0.1536	0.0430	-0.3112
2.8890	9105694.5532	0.0247	-0.1533	0.0424	-0.3137
2.8990	9105713.8723	0.0253	-0.1522	0.0444	-0.3126
2.9090	9105733.7128	0.0244	-0.1504	0.0423	-0.3107
2.9190	9105752.5638	0.0239	-0.1492	0.0422	-0.3118
2.9290	9105770.8298	0.0251	-0.1483	0.0443	-0.3110
2.9390	9105789.4787	0.0235	-0.1468	0.0418	-0.3102
2.9490	9105808.9894	0.0250	-0.1465	0.0449	-0.3110
2.9590	9105827.9043	0.0251	-0.1450	0.0453	-0.3087
2.9690	9105846.6702	0.0238	-0.1443	0.0431	-0.3102
2.9790	9105865.6702	0.0238	-0.1418	0.0432	-0.3074
2.9890	9105885.1809	0.0236	-0.1426	0.0426	-0.3087
2.9990	9105903.7021	0.0230	-0.1409	0.0424	-0.3078
3.0090	9105922.2128	0.0228	-0.1394	0.0423	-0.3069
3.0190	9105941.3191	0.0231	-0.1395	0.0429	-0.3076
3.0290	9105960.7340	0.0229	-0.1382	0.0430	-0.3071
3.0390	9105979.6489	0.0225	-0.1361	0.0420	-0.3036
3.0490	9105998.0000	0.0218	-0.1355	0.0406	-0.3041
3.0590	9106017.3298	0.0223	-0.1344	0.0425	-0.3054
3.0690	9106035.9149	0.0214	-0.1347	0.0405	-0.3055
3.0790	9106054.8298	0.0211	-0.1322	0.0405	-0.3025
3.0890	9106073.5532	0.0218	-0.1321	0.0424	-0.3044
3.0990	9106093.2340	0.0219	-0.1301	0.0427	-0.3008
3.1090	9106112.7021	0.0214	-0.1289	0.0419	-0.3015
3.1190	9106131.6596	0.0204	-0.1283	0.0400	-0.3004
3.1290	9106150.1915	0.0209	-0.1276	0.0417	-0.3012
3.1390	9106169.1702	0.0215	-0.1254	0.0432	-0.2995
3.1490	9106188.0745	0.0209	-0.1252	0.0419	-0.2999
3.1590	9106208.3404	0.0207	-0.1240	0.0419	-0.2988
3.1690	9106225.8936	0.0207	-0.1236	0.0418	-0.2986
3.1790	9106244.5319	0.0200	-0.1224	0.0412	-0.2990
3.1890	9106263.2447	0.0205	-0.1219	0.0422	-0.2984
3.1990	9106282.2128	0.0204	-0.1198	0.0419	-0.2945
3.2090	9106301.0000	0.0196	-0.1197	0.0413	-0.2968
3.2190	9106319.4043	0.0193	-0.1179	0.0402	-0.2950
3.2290	9106338.8723	0.0188	-0.1175	0.0390	-0.2934
3.2390	9106357.8298	0.0200	-0.1166	0.0422	-0.2935
3.2490	9106377.3191	0.0194	-0.1167	0.0410	-0.2966
3.2590	9106395.3617	0.0195	-0.1153	0.0417	-0.2941
3.2690	9106414.8723	0.0191	-0.1141	0.0410	-0.2920
3.2790	9106433.7021	0.0195	-0.1139	0.0422	-0.2938
3.2890	9106453.3723	0.0187	-0.1128	0.0402	-0.2914
3.2990	9106471.8723	0.0196	-0.1116	0.0433	-0.2918
3.3090	9106490.7021	0.0188	-0.1111	0.0409	-0.2908
3.3190	9106509.7766	0.0184	-0.1097	0.0407	-0.2898
3.3290	9106528.7021	0.0189	-0.1087	0.0421	-0.2900
3.3390	9106548.6277	0.0180	-0.1086	0.0404	-0.2901
3.3490	9106566.7021	0.0181	-0.1072	0.0406	-0.2885
3.3590	9106585.2234	0.0176	-0.1071	0.0396	-0.2895
3.3690	9106604.2128	0.0174	-0.1058	0.0397	-0.2874
3.3790	9106622.7234	0.0174	-0.1051	0.0400	-0.2887
3.3890	9106641.3617	0.0173	-0.1042	0.0398	-0.2863
3.3990	9106660.1596	0.0179	-0.1028	0.0417	-0.2847
3.4090	9106679.7128	0.0174	-0.1025	0.0405	-0.2856
3.4190	9106698.9149	0.0169	-0.1009	0.0398	-0.2833
3.4290	9106717.1064	0.0170	-0.1006	0.0395	-0.2846
3.4390	9106736.2553	0.0163	-0.0999	0.0386	-0.2841
3.4490	9106756.8936	0.0159	-0.0992	0.0376	-0.2836
3.4590	9106776.0851	0.0162	-0.0982	0.0389	-0.2826
3.4690	9106795.5638	0.0169	-0.0982	0.0408	-0.2843
3.4790	9106813.8936	0.0161	-0.0960	0.0390	-0.2796
3.4890	9106831.7447	0.0165	-0.0961	0.0403	-0.2809
3.4990	9106850.4362	0.0165	-0.0949	0.0408	-0.2797
3.5090	9106870.2128	0.0164	-0.0947	0.0401	-0.2803
3.5190	9106889.3830	0.0158	-0.0933	0.0394	-0.2796
3.5290	9106908.5532	0.0158	-0.0926	0.0394	-0.2782
3.5390	9106927.7660	0.0162	-0.0925	0.0407	-0.2795
3.5490	9106945.9149	0.0152	-0.0911	0.0383	-0.2770
3.5590	9106964.3830	0.0150	-0.0908	0.0375	-0.2767
3.5690	9106983.2553	0.0159	-0.0899	0.0409	-0.2764
3.5790	9107001.9149	0.0154	-0.0897	0.0399	-0.2780
3.5890	9107021.5532	0.0153	-0.0887	0.0392	-0.2758
3.5990	9107041.2128	0.0153	-0.0883	0.0400	-0.2748
3.6090	9107059.4043	0.0149	-0.0870	0.0390	-0.2736
3.6190	9107079.4362	0.0145	-0.0868	0.0378	-0.2749
3.6290	9107097.3830	0.0148	-0.0865	0.0386	-0.2728
3.6390	9107117.0638	0.0146	-0.0851	0.0389	-0.2729
3.6490	9107135.5745	0.0145	-0.0845	0.0388	-0.2731
3.6590	9107154.2553	0.0148	-0.0841	0.0396	-0.2729
3.6690	9107173.0638	0.0144	-0.0831	0.0391	-0.2714
3.6790	9107191.9149	0.0141	-0.0828	0.0381	-0.2725
3.6890	9107211.5532	0.0143	-0.0824	0.0387	-0.2706
3.6990	9107229.9149	0.0142	-0.0818	0.0386	-0.2709
3.7090	9107248.9149	0.0138	-0.0807	0.0381	-0.2695
3.7190	9107268.4255	0.0142	-0.0808	0.0385	-0.2690
3.7290	9107286.2553	0.0137	-0.0803	0.0380	-0.2704
3.7390	9107304.9149	0.0137	-0.0796	0.0375	-0.2688
3.7490	9107324.0638	0.0135	-0.0787	0.0380	-0.2700
3.7590	9107342.2553	0.0138	-0.0778	0.0391	-0.2678
3.7690	9107362.4255	0.0132	-0.0772	0.0377	-0.2671
3.7790	9107381.0851	0.0135	-0.0763	0.0389	-0.2667
3.7890	9107399.3830	0.0129	-0.0759	0.0372	-0.2671
3.7990	9107418.0851	0.0127	-0.0749	0.0366	-0.2640
3.8090	9107436.8936	0.0125	-0.0741	0.0366	-0.2642
3.8190	9107455.9149	0.0128	-0.0740	0.0374	-0.2651
3.8290	9107474.5957	0.0126	-0.0734	0.0369	-0.2645
3.8390	9107492.7447	0.0128	-0.0722	0.0386	-0.2625
3.8490	9107512.5532	0.0120	-0.0724	0.0361	-0.2652
3.8590	9107531.4043	0.0123	-0.0718	0.0373	-0.2626
3.8690	9107550.4043	0.0121	-0.0714	0.0365	-0.2638
3.8790	9107569.7234	0.0119	-0.0702	0.0357	-0.2598
3.8890	9107589.5319	0.0119	-0.0693	0.0360	-0.2603
3.8990	9107607.7234	0.0119	-0.0690	0.0369	-0.2609
3.9090	9107626.4255	0.0124	-0.0690	0.0385	-0.2610
3.9190	9107645.4255	0.0118	-0.0681	0.0367	-0.2608
3.9290	9107664.4255	0.0117	-0.0675	0.0367	-0.2596
3.9390	9107683.7234	0.0117	-0.0677	0.0364	-0.2609
3.9490	9107702.0638	0.0118	-0.0665	0.0373	-0.2586
3.9590	9107719.9149	0.0115	-0.0661	0.0369	-0.2582
3.9690	9107739.8936	0.0114	-0.0655	0.0366	-0.2588
3.9790	9107758.7234	0.0111	-0.0646	0.0361	-0.2570
3.9890	9107777.7234	0.0112	-0.0644	0.0364	-0.2573
3.9990	9107797.5957	0.0107	-0.0636	0.0353	-0.2561
4.0090	9107816.5532	0.0111	-0.0637	0.0365	-0.2568
4.0190	9107835.5532	0.0109	-0.0629	0.0357	-0.2560
4.0290	9107853.7234	0.0108	-0.0625	0.0359	-0.2559
4.0390	9107872.5426	0.0111	-0.0616	0.0369	-0.2538
4.0490	9107891.7234	0.0108	-0.0608	0.0364	-0.2526
4.0590	9107911.2340	0.0107	-0.0606	0.0363	-0.2540
4.0690	9107929.9149	0.0104	-0.0607	0.0352	-0.2541
4.0790	9107947.4255	0.0104	-0.0594	0.0356	-0.2523
4.0890	9107966.7234	0.0103	-0.0589	0.0355	-0.2515
4.0990	9107986.5319	0.0103	-0.0586	0.0353	-0.2508
4.1090	9108005.8723	0.0103	-0.0577	0.0359	-0.2505
4.1190	9108023.8936	0.0099	-0.0577	0.0345	-0.2506
4.1290	9108042.8936	0.0102	-0.0569	0.0359	-0.2494
4.1390	9108061.4255	0.0102	-0.0569	0.0361	-0.2522
4.1490	9108080.2340	0.0102	-0.0562	0.0365	-0.2493
4.1590	9108099.7660	0.0100	-0.0559	0.0360	-0.2495
4.1690	9108117.7447	0.0100	-0.0550	0.0364	-0.2470
4.1790	9108136.8936	0.0096	-0.0549	0.0345	-0.2484
4.1890	9108155.0638	0.0097	-0.0542	0.0360	-0.2465
4.1990	9108174.0426	0.0099	-0.0537	0.0365	-0.2466
4.2090	9108193.7021	0.0094	-0.0537	0.0343	-0.2474
4.2190	9108213.0638	0.0094	-0.0531	0.0350	-0.2468
4.2290	9108232.2872	0.0089	-0.0522	0.0334	-0.2449
4.2390	9108251.8936	0.0093	-0.0517	0.0353	-0.2440
4.2490	9108269.9362	0.0092	-0.0514	0.0350	-0.2448
4.2590	9108289.0638	0.0094	-0.0513	0.0356	-0.2456
4.2690	9108307.9468	0.0090	-0.0503	0.0344	-0.2424
4.2790	9108326.3830	0.0086	-0.0503	0.0329	-0.2443
4.2890	9108344.8936	0.0092	-0.0497	0.0358	-0.2428
4.2990	9108364.6383	0.0086	-0.0493	0.0331	-0.2427
4.3090	9108382.6064	0.0085	-0.0489	0.0331	-0.2416
4.3190	9108402.4574	0.0085	-0.0479	0.0339	-0.2402
4.3290	9108420.9468	0.0086	-0.0481	0.0343	-0.2414
4.3390	9108440.2553	0.0087	-0.0472	0.0351	-0.2399
4.3490	9108459.4255	0.0085	-0.0469	0.0346	-0.2399
4.3590	9108479.0638	0.0083	-0.0467	0.0338	-0.2402
4.3690	9108497.2872	0.0081	-0.0460	0.0331	-0.2387
4.3790	9108515.5532	0.0083	-0.0455	0.0345	-0.2388
4.3890	9108535.1915	0.0083	-0.0454	0.0346	-0.2394
4.3990	9108553.2979	0.0083	-0.0449	0.0347	-0.2378
4.4090	9108572.8723	0.0082	-0.0447	0.0348	-0.2385
4.4190	9108591.1277	0.0079	-0.0442	0.0336	-0.2375
4.4290	9108609.2872	0.0080	-0.0438	0.0336	-0.2370
4.4390	9108628.5957	0.0081	-0.0433	0.0351	-0.2357
4.4490	9108647.7766	0.0079	-0.0430	0.0335	-0.2361
4.4590	9108667.4255	0.0077	-0.0425	0.0333	-0.2348
4.4690	9108686.6383	0.0077	-0.0422	0.0335	-0.2357
4.4790	9108705.7766	0.0078	-0.0416	0.0336	-0.2342
4.4890	9108724.1170	0.0076	-0.0416	0.0331	-0.2349
4.4990	9108743.7660	0.0077	-0.0408	0.0344	-0.2339
4.5090	9108763.2872	0.0075	-0.0405	0.0336	-0.2335
4.5190	9108781.7766	0.0076	-0.0401	0.0344	-0.2327
4.5290	9108800.4255	0.0073	-0.0396	0.0334	-0.2311
4.5390	9108819.7766	0.0074	-0.0393	0.0334	-0.2314
4.5490	9108838.2872	0.0071	-0.0390	0.0329	-0.2314
4.5590	9108856.2872	0.0072	-0.0390	0.0330	-0.2322
4.5690	9108875.7660	0.0072	-0.0379	0.0340	-0.2283
4.5790	9108895.7660	0.0071	-0.0379	0.0332	-0.2317
4.5890	9108914.7766	0.0070	-0.0376	0.0330	-0.2297
4.5990	9108932.6064	0.0069	-0.0369	0.0324	-0.2283
4.6090	9108951.9362	0.0068	-0.0369	0.0330	-0.2287
4.6190	9108971.2872	0.0066	-0.0363	0.0313	-0.2276
4.6290	9108990.7766	0.0064	-0.0363	0.0307	-0.2290
4.6390	9109009.6277	0.0068	-0.0355	0.0325	-0.2260
4.6490	9109028.4255	0.0067	-0.0353	0.0334	-0.2261
4.6590	9109047.6064	0.0066	-0.0348	0.0333	-0.2268
4.6690	9109066.1170	0.0063	-0.0346	0.0314	-0.2270
4.6790	9109084.9362	0.0065	-0.0344	0.0327	-0.2271
4.6890	9109103.7660	0.0060	-0.0340	0.0299	-0.2261
4.6990	9109121.9468	0.0064	-0.0339	0.0321	-0.2279
4.7090	9109141.2553	0.0063	-0.0333	0.0326	-0.2250
4.7190	9109159.9468	0.0064	-0.0331	0.0329	-0.2247
4.7290	9109178.9362	0.0061	-0.0325	0.0319	-0.2235
4.7390	9109199.1064	0.0062	-0.0320	0.0326	-0.2236
4.7490	9109217.4255	0.0065	-0.0318	0.0347	-0.2245
4.7590	9109237.1170	0.0062	-0.0317	0.0332	-0.2240
4.7690	9109255.0851	0.0059	-0.0311	0.0316	-0.2227
4.7790	9109274.2447	0.0058	-0.0306	0.0321	-0.2229
4.7890	9109292.9362	0.0058	-0.0307	0.0314	-0.2219
4.7990	9109312.7660	0.0059	-0.0298	0.0326	-0.2219
4.8090	9109331.7766	0.0059	-0.0299	0.0328	-0.2224
4.8190	9109349.2553	0.0058	-0.0297	0.0329	-0.2210
4.8290	9109368.7660	0.0055	-0.0289	0.0310	-0.2208
4.8390	9109386.6277	0.0056	-0.0284	0.0322	-0.2189
4.8490	9109405.4255	0.0057	-0.0285	0.0323	-0.2187
4.8590	9109424.2553	0.0057	-0.0277	0.0332	-0.2187
4.8690	9109443.4574	0.0054	-0.0273	0.0321	-0.2199
4.8790	9109462.2872	0.0054	-0.0267	0.0315	-0.2185
4.8890	9109482.1064	0.0053	-0.0270	0.0311	-0.2190
4.8990	9109499.9362	0.0052	-0.0261	0.0315	-0.2180
4.9090	9109519.5851	0.0053	-0.0265	0.0320	-0.2179
4.9190	9109538.4574	0.0049	-0.0258	0.0292	-0.2172
4.9290	9109556.9468	0.0053	-0.0260	0.0317	-0.2176
4.9390	9109575.9468	0.0052	-0.0256	0.0311	-0.2159
4.9490	9109595.4255	0.0052	-0.0253	0.0318	-0.2152
4.9590	9109613.1489	0.0051	-0.0254	0.0315	-0.2151
4.9690	9109632.7660	0.0050	-0.0245	0.0318	-0.2142
4.9790	9109651.1170	0.0050	-0.0244	0.0315	-0.2148
4.9890	9109669.9362	0.0050	-0.0243	0.0315	-0.2145
4.9990	9109689.7979	0.0047	-0.0240	0.0302	-0.2131
5.0090	9109708.9043	0.0048	-0.0238	0.0310	-0.2132
5.0190	9109726.9468	0.0045	-0.0231	0.0296	-0.2140
5.0290	9109745.6277	0.0046	-0.0230	0.0302	-0.2138
5.0390	9109764.4574	0.0045	-0.0225	0.0305	-0.2121
5.0490	9109783.1170	0.0046	-0.0224	0.0306	-0.2134
5.0590	9109802.1064	0.0045	-0.0220	0.0297	-0.2120
5.0690	9109821.6277	0.0044	-0.0221	0.0294	-0.2117
5.0790	9109840.2766	0.0045	-0.0214	0.0307	-0.2102
5.0890	9109859.7660	0.0046	-0.0211	0.0314	-0.2107
5.0990	9109879.1170	0.0044	-0.0213	0.0304	-0.2103
5.1090	9109897.2553	0.0043	-0.0198	0.0297	-0.2088
5.1190	9109915.4255	0.0043	-0.0198	0.0307	-0.2079
5.1290	9109934.7660	0.0040	-0.0202	0.0290	-0.2083
5.1390	9109953.4255	0.0041	-0.0199	0.0290	-0.2075
5.1490	9109972.2553	0.0041	-0.0191	0.0305	-0.2086
5.1590	9109991.2660	0.0042	-0.0194	0.0308	-0.2083
5.1690	9110010.7660	0.0041	-0.0191	0.0302	-0.2077
5.1790	9110029.5957	0.0040	-0.0186	0.0295	-0.2068
5.1890	9110049.1064	0.0040	-0.0183	0.0302	-0.2073
5.1990	9110066.5957	0.0039	-0.0180	0.0301	-0.2055
5.2090	9110086.1064	0.0039	-0.0180	0.0296	-0.2059
5.2190	9110104.7979	0.0038	-0.0178	0.0289	-0.2064
5.2290	9110124.6170	0.0038	-0.0174	0.0305	-0.2054
5.2390	9110142.2766	0.0039	-0.0173	0.0303	-0.2068
5.2490	9110161.5851	0.0036	-0.0173	0.0295	-0.2055
5.2590	9110180.1064	0.0036	-0.0164	0.0289	-0.2039
5.2690	9110199.7553	0.0037	-0.0168	0.0309	-0.2058
5.2790	9110218.2766	0.0036	-0.0163	0.0287	-0.2049
5.2890	9110236.9362	0.0035	-0.0164	0.0283	-0.2038
5.2990	9110255.6277	0.0035	-0.0162	0.0291	-0.2035
5.3090	9110274.1064	0.0035	-0.0158	0.0295	-0.2024
5.3190	9110293.4149	0.0034	-0.0156	0.0294	-0.2029
5.3290	9110313.1064	0.0035	-0.0155	0.0297	-0.2024
5.3390	9110331.9362	0.0035	-0.0152	0.0300	-0.2014
5.3490	9110350.5851	0.0033	-0.0148	0.0289	-0.2015
5.3590	9110369.2872	0.0034	-0.0146	0.0300	-0.2008
5.3690	9110387.9362	0.0032	-0.0143	0.0286	-0.1999
5.3790	9110406.7660	0.0033	-0.0143	0.0290	-0.2018
5.3890	9110425.9362	0.0033	-0.0140	0.0295	-0.2002
5.3990	9110444.7660	0.0032	-0.0137	0.0289	-0.1991
5.4090	9110463.6277	0.0031	-0.0135	0.0294	-0.1995
5.4190	9110482.7660	0.0030	-0.0133	0.0284	-0.1982
5.4290	9110501.5851	0.0031	-0.0131	0.0292	-0.1983
5.4390	9110520.2553	0.0031	-0.0127	0.0292	-0.1979
5.4490	9110539.5957	0.0030	-0.0127	0.0290	-0.1992
5.4590	9110558.7660	0.0029	-0.0124	0.0286	-0.1967
5.4690	9110577.4149	0.0029	-0.0121	0.0280	-0.1977
5.4790	9110596.5851	0.0029	-0.0120	0.0293	-0.1980
5.4890	9110615.2766	0.0029	-0.0119	0.0293	-0.1967
5.4990	9110633.8298	0.0029	-0.0115	0.0294	-0.1974
5.5090	9110653.5851	0.0027	-0.0114	0.0276	-0.1956
5.5190	9110672.5106	0.0027	-0.0110	0.0287	-0.1965
5.5290	9110691.6596	0.0026	-0.0110	0.0278	-0.1964
5.5390	9110709.3404	0.0027	-0.0106	0.0286	-0.1952
5.5490	9110728.6596	0.0026	-0.0105	0.0282	-0.1952
5.5590	9110748.9149	0.0026	-0.0101	0.0287	-0.1955
5.5690	9110767.5106	0.0026	-0.0101	0.0283	-0.1951
5.5790	9110786.0000	0.0025	-0.0098	0.0283	-0.1924
5.5890	9110805.4894	0.0025	-0.0095	0.0294	-0.1942
5.5990	9110824.5851	0.0025	-0.0093	0.0283	-0.1936
5.6090	9110843.1702	0.0023	-0.0092	0.0276	-0.1928
5.6190	9110862.6809	0.0024	-0.0088	0.0285	-0.1926
5.6290	9110880.6596	0.0023	-0.0088	0.0281	-0.1927
5.6390	9110899.8298	0.0023	-0.0085	0.0282	-0.1919
5.6490	9110919.1702	0.0023	-0.0083	0.0278	-0.1914
5.6590	9110938.8298	0.0022	-0.0082	0.0276	-0.1919
5.6690	9110956.1702	0.0023	-0.0079	0.0286	-0.1908
5.6790	9110975.9787	0.0021	-0.0076	0.0270	-0.1905
5.6890	9110994.5106	0.0022	-0.0076	0.0275	-0.1899
5.6990	9111013.8298	0.0021	-0.0073	0.0277	-0.1893
5.7090	9111032.0000	0.0020	-0.0072	0.0271	-0.1911
5.7190	9111051.4894	0.0020	-0.0069	0.0286	-0.1881
5.7290	9111070.8298	0.0020	-0.0068	0.0280	-0.1899
5.7390	9111089.1702	0.0020	-0.0065	0.0273	-0.1883
5.7490	9111108.0000	0.0019	-0.0062	0.0273	-0.1883
5.7590	9111126.4894	0.0019	-0.0061	0.0269	-0.1884
5.7690	9111145.3404	0.0018	-0.0059	0.0267	-0.1880
5.7790	9111164.3191	0.0018	-0.0056	0.0275	-0.1876
5.7890	9111183.8298	0.0019	-0.0055	0.0272	-0.1871
5.7990	9111202.1702	0.0018	-0.0054	0.0266	-0.1862
5.8090	9111221.3404	0.0017	-0.0051	0.0269	-0.1866
5.8190	9111240.3404	0.0017	-0.0048	0.0272	-0.1866
5.8290	9111258.6596	0.0017	-0.0047	0.0266	-0.1867
5.8390	9111277.8511	0.0017	-0.0045	0.0264	-0.1858
5.8490	9111297.0000	0.0017	-0.0046	0.0265	-0.1859
5.8590	9111315.1702	0.0016	-0.0042	0.0259	-0.1847
5.8690	9111334.8298	0.0015	-0.0038	0.0259	-0.1841
5.8790	9111354.1702	0.0015	-0.0038	0.0261	-0.1849
5.8890	9111373.0000	0.0014	-0.0035	0.0266	-0.1828
5.8990	9111391.3191	0.0015	-0.0034	0.0269	-0.1829
5.9090	9111411.0000	0.0015	-0.0033	0.0261	-0.1828
5.9190	9111430.3191	0.0014	-0.0030	0.0263	-0.1817
5.9290	9111448.0000	0.0015	-0.0030	0.0276	-0.1839
5.9390	9111467.6596	0.0014	-0.0027	0.0258	-0.1821
5.9490	9111486.6596	0.0014	-0.0027	0.0266	-0.1817
5.9590	9111504.6596	0.0014	-0.0025	0.0261	-0.1827
5.9690	9111522.3404	0.0013	-0.0023	0.0267	-0.1817
5.9790	9111541.6596	0.0012	-0.0019	0.0259	-0.1806
5.9890	9111560.3191	0.0013	-0.0020	0.0264	-0.1820
5.9990	9111580.0000	0.0012	-0.0018	0.0269	-0.1810
6.0090	9111599.6809	0.0011	-0.0014	0.0264	-0.1817
6.0190	9111617.6596	0.0012	-0.0015	0.0255	-0.1811
6.0290	9111636.6596	0.0012	-0.0012	0.0269	-0.1800
6.0390	9111655.3404	0.0010	-0.0009	0.0271	-0.1801
6.0490	9111673.5106	0.0011	-0.0008	0.0256	-0.1785
6.0590	9111692.4894	0.0011	-0.0006	0.0267	-0.1791
6.0690	9111712.0000	0.0010	-0.0006	0.0251	-0.1768
6.0790	9111730.6596	0.0010	-0.0002	0.0261	-0.1786
6.0890	9111750.6596	0.0010	-0.0001	0.0258	-0.1774
6.0990	9111768.6596	0.0009	0.0000	0.0259	-0.1777
6.1090	9111787.9787	0.0009	0.0002	0.0255	-0.1772
6.1190	9111807.0000	0.0008	0.0003	0.0251	-0.1776
6.1290	9111826.8298	0.0008	0.0006	0.0262	-0.1778
6.1390	9111843.8511	0.0008	0.0008	0.0255	-0.1766
6.1490	9111864.0000	0.0008	0.0009	0.0253	-0.1753
6.1590	9111883.6596	0.0007	0.0010	0.0253	-0.1775
6.1690	9111902.8511	0.0007	0.0011	0.0246	-0.1760
6.1790	9111921.6596	0.0007	0.0014	0.0252	-0.1756
6.1890	9111940.3404	0.0007	0.0016	0.0264	-0.1752
6.1990	9111959.3404	0.0006	0.0015	0.0247	-0.1756
6.2090	9111978.0000	0.0006	0.0019	0.0241	-0.1738
6.2190	9111997.0000	0.0006	0.0021	0.0267	-0.1756
6.2290	9112015.6596	0.0006	0.0023	0.0253	-0.1745
6.2390	9112034.9787	0.0006	0.0023	0.0253	-0.1738
6.2490	9112053.8511	0.0005	0.0026	0.0254	-0.1737
6.2590	9112071.6596	0.0004	0.0027	0.0257	-0.1735
6.2690	9112090.1702	0.0005	0.0028	0.0251	-0.1727
6.2790	9112109.4894	0.0005	0.0029	0.0245	-0.1736
6.2890	9112128.6596	0.0004	0.0031	0.0243	-0.1726
6.2990	9112147.4894	0.0004	0.0033	0.0249	-0.1719
6.3090	9112165.8511	0.0004	0.0036	0.0248	-0.1731
6.3190	9112185.3404	0.0003	0.0035	0.0249	-0.1708
6.3290	9112204.5106	0.0003	0.0038	0.0242	-0.1723
6.3390	9112223.3404	0.0003	0.0039	0.0246	-0.1711
6.3490	9112241.8511	0.0002	0.0042	0.0243	-0.1711
6.3590	9112260.6596	0.0002	0.0044	0.0253	-0.1706
6.3690	9112279.6596	0.0002	0.0045	0.0241	-0.1704
6.3790	9112298.8298	0.0002	0.0044	0.0239	-0.1693
6.3890	9112318.0000	0.0001	0.0047	0.0252	-0.1687
6.3990	9112336.0000	0.0002	0.0050	0.0242	-0.1701
6.4090	9112355.0000	0.0002	0.0050	0.0239	-0.1694
6.4190	9112374.3404	0.0002	0.0051	0.0235	-0.1693
6.4290	9112393.3404	0.0001	0.0052	0.0243	-0.1698
6.4390	9112411.3298	0.0001	0.0053	0.0245	-0.1685
6.4490	9112430.6809	0.0000	0.0055	0.0250	-0.1694
6.4590	9112450.3191	0.0001	0.0057	0.0245	-0.1682
6.4690	9112469.0000	-0.0001	0.0058	0.0245	-0.1680
6.4790	9112488.4894	0.0000	0.0060	0.0245	-0.1667
6.4890	9112506.5106	-0.0000	0.0060	0.0257	-0.1680
6.4990	9112525.4894	-0.0001	0.0060	0.0244	-0.1680
6.5090	9112544.4894	-0.0001	0.0063	0.0245	-0.1662
6.5190	9112563.6702	-0.0002	0.0065	0.0248	-0.1662
6.5290	9112582.1702	-0.0002	0.0067	0.0242	-0.1665
6.5390	9112601.0000	-0.0003	0.0069	0.0252	-0.1663
6.5490	9112620.6702	-0.0002	0.0068	0.0246	-0.1653
6.5590	9112639.8298	-0.0002	0.0070	0.0230	-0.1659
6.5690	9112657.1702	-0.0002	0.0071	0.0236	-0.1654
6.5790	9112677.1702	-0.0002	0.0072	0.0242	-0.1648
6.5890	9112696.0000	-0.0003	0.0073	0.0233	-0.1659
6.5990	9112714.6596	-0.0003	0.0075	0.0246	-0.1643
6.6090	9112733.3404	-0.0003	0.0076	0.0249	-0.1649
6.6190	9112752.6702	-0.0003	0.0078	0.0237	-0.1634
6.6290	9112771.8404	-0.0004	0.0077	0.0239	-0.1631
6.6390	9112790.6596	-0.0004	0.0081	0.0239	-0.1641
6.6490	9112809.6702	-0.0004	0.0083	0.0234	-0.1635
6.6590	9112828.4894	-0.0005	0.0081	0.0237	-0.1632
6.6690	9112847.1702	-0.0004	0.0084	0.0233	-0.1626
6.6790	9112865.8298	-0.0005	0.0085	0.0236	-0.1628
6.6890	9112885.1702	-0.0005	0.0085	0.0244	-0.1624
6.6990	9112903.8298	-0.0005	0.0087	0.0230	-0.1620
6.7090	9112923.8298	-0.0005	0.0089	0.0231	-0.1616
6.7190	9112941.6702	-0.0006	0.0091	0.0236	-0.1616
6.7290	9112960.8404	-0.0006	0.0090	0.0231	-0.1618
6.7390	9112980.1702	-0.0006	0.0092	0.0239	-0.1604
6.7490	9112999.3298	-0.0006	0.0093	0.0243	-0.1602
6.7590	9113018.4894	-0.0007	0.0095	0.0243	-0.1613
6.7690	9113037.3298	-0.0006	0.0095	0.0229	-0.1607
6.7790	9113055.8298	-0.0006	0.0098	0.0225	-0.1605
6.7890	9113073.9894	-0.0006	0.0099	0.0229	-0.1594
6.7990	9113092.1702	-0.0007	0.0101	0.0238	-0.1610
6.8090	9113111.5106	-0.0008	0.0101	0.0237	-0.1590
6.8190	9113130.8404	-0.0008	0.0103	0.0247	-0.1607
6.8290	9113148.9894	-0.0007	0.0102	0.0233	-0.1591
6.8390	9113168.6702	-0.0008	0.0105	0.0227	-0.1584
6.8490	9113188.1596	-0.0008	0.0106	0.0229	-0.1594
6.8590	9113207.9894	-0.0008	0.0109	0.0230	-0.1576
6.8690	9113226.1702	-0.0008	0.0107	0.0229	-0.1579
6.8790	9113244.5000	-0.0009	0.0108	0.0221	-0.1579
6.8890	9113263.6596	-0.0008	0.0112	0.0225	-0.1579
6.8990	9113282.0000	-0.0008	0.0109	0.0227	-0.1571
6.9090	9113301.0000	-0.0009	0.0111	0.0229	-0.1560
6.9190	9113319.0000	-0.0009	0.0114	0.0227	-0.1567
6.9290	9113338.4894	-0.0009	0.0113	0.0226	-0.1564
6.9390	9113356.8298	-0.0010	0.0115	0.0228	-0.1559
6.9490	9113376.3404	-0.0010	0.0116	0.0236	-0.1559
6.9590	9113393.8404	-0.0010	0.0118	0.0230	-0.1557
6.9690	9113412.6702	-0.0010	0.0117	0.0231	-0.1557
6.9790	9113431.6809	-0.0010	0.0120	0.0226	-0.1556
6.9890	9113452.6702	-0.0010	0.0119	0.0230	-0.1552
6.9990	9113470.8298	-0.0011	0.0121	0.0222	-0.1559
7.0090	9113489.3298	-0.0011	0.0120	0.0223	-0.1541
7.0190	9113507.6596	-0.0012	0.0124	0.0238	-0.1549
7.0290	9113527.1596	-0.0012	0.0123	0.0235	-0.1534
7.0390	9113546.5000	-0.0013	0.0126	0.0236	-0.1543
7.0490	9113564.8298	-0.0011	0.0126	0.0224	-0.1544
7.0590	9113584.4894	-0.0011	0.0129	0.0224	-0.1533
7.0690	9113603.3404	-0.0011	0.0129	0.0219	-0.1530
7.0790	9113622.1702	-0.0012	0.0129	0.0223	-0.1530
7.0890	9113640.4894	-0.0013	0.0132	0.0229	-0.1523
7.0990	9113659.8511	-0.0013	0.0132	0.0222	-0.1528
7.1090	9113678.6596	-0.0012	0.0132	0.0217	-0.1533
7.1190	9113697.5106	-0.0013	0.0133	0.0222	-0.1521
7.1290	9113715.5106	-0.0013	0.0134	0.0225	-0.1525
7.1390	9113734.8298	-0.0014	0.0137	0.0226	-0.1517
7.1490	9113754.1702	-0.0013	0.0135	0.0225	-0.1513
7.1590	9113773.0106	-0.0013	0.0137	0.0226	-0.1510
7.1690	9113793.0000	-0.0013	0.0140	0.0222	-0.1509
7.1790	9113811.6702	-0.0013	0.0142	0.0218	-0.1503
7.1890	9113832.1596	-0.0015	0.0140	0.0229	-0.1507
7.1990	9113850.5000	-0.0013	0.0142	0.0218	-0.1507
7.2090	9113869.1702	-0.0015	0.0142	0.0225	-0.1501
7.2190	9113887.5000	-0.0014	0.0145	0.0218	-0.1499
7.2290	9113906.1702	-0.0013	0.0143	0.0212	-0.1497
7.2390	9113926.1702	-0.0014	0.0146	0.0212	-0.1498
7.2490	9113944.8404	-0.0014	0.0145	0.0214	-0.1489
7.2590	9113962.5000	-0.0014	0.0148	0.0212	-0.1499
7.2690	9113980.6702	-0.0016	0.0147	0.0226	-0.1480
7.2790	9114000.3298	-0.0014	0.0149	0.0213	-0.1485
7.2890	9114019.1702	-0.0016	0.0150	0.0218	-0.1484
7.2990	9114037.8404	-0.0014	0.0150	0.0204	-0.1477
7.3090	9114057.6596	-0.0016	0.0153	0.0218	-0.1478
7.3190	9114076.1702	-0.0016	0.0151	0.0219	-0.1482
7.3290	9114095.5000	-0.0017	0.0156	0.0211	-0.1473
7.3390	9114114.3191	-0.0016	0.0156	0.0207	-0.1474
7.3490	9114133.1702	-0.0016	0.0155	0.0214	-0.1475
7.3590	9114152.8298	-0.0017	0.0159	0.0223	-0.1481
7.3690	9114170.9894	-0.0017	0.0158	0.0212	-0.1469
7.3790	9114194.5106	-0.0017	0.0159	0.0214	-0.1458
7.3890	9114207.8298	-0.0016	0.0159	0.0206	-0.1455
7.3990	9114227.3404	-0.0017	0.0160	0.0209	-0.1462
7.4090	9114246.1702	-0.0017	0.0160	0.0218	-0.1464
7.4190	9114265.8404	-0.0017	0.0163	0.0212	-0.1453
7.4290	9114283.0000	-0.0018	0.0162	0.0220	-0.1448
7.4390	9114302.6596	-0.0018	0.0164	0.0214	-0.1455
7.4490	9114321.3404	-0.0017	0.0164	0.0209	-0.1436
7.4590	9114340.8298	-0.0018	0.0165	0.0213	-0.1441
7.4690	9114360.1596	-0.0019	0.0168	0.0217	-0.1444
7.4790	9114378.3404	-0.0018	0.0165	0.0212	-0.1448
7.4890	9114397.0000	-0.0018	0.0168	0.0211	-0.1448
7.4990	9114416.0000	-0.0019	0.0170	0.0213	-0.1445
7.5090	9114434.8298	-0.0018	0.0171	0.0209	-0.1433
7.5190	9114453.5000	-0.0018	0.0170	0.0204	-0.1436
7.5290	9114472.1702	-0.0019	0.0172	0.0215	-0.1437
7.5390	9114491.3191	-0.0019	0.0171	0.0206	-0.1425
7.5490	9114510.4894	-0.0020	0.0173	0.0208	-0.1427
7.5590	9114529.0000	-0.0019	0.0174	0.0209	-0.1432
7.5690	9114547.8298	-0.0020	0.0175	0.0209	-0.1410
7.5790	9114567.4894	-0.0018	0.0174	0.0201	-0.1425
7.5890	9114586.3191	-0.0019	0.0177	0.0202	-0.1424
7.5990	9114605.5106	-0.0020	0.0176	0.0207	-0.1424
7.6090	9114623.3404	-0.0021	0.0180	0.0211	-0.1417
7.6190	9114642.8298	-0.0020	0.0179	0.0210	-0.1406
7.6290	9114661.8298	-0.0019	0.0182	0.0195	-0.1416
7.6390	9114680.3404	-0.0021	0.0180	0.0209	-0.1407
7.6490	9114699.4894	-0.0021	0.0182	0.0208	-0.1412
7.6590	9114718.6809	-0.0020	0.0182	0.0198	-0.1405
7.6690	9114738.1702	-0.0020	0.0181	0.0203	-0.1392
7.6790	9114757.0000	-0.0022	0.0183	0.0209	-0.1396
7.6890	9114775.1489	-0.0022	0.0187	0.0209	-0.1407
7.6990	9114793.6809	-0.0022	0.0184	0.0208	-0.1386
7.7090	9114812.8511	-0.0020	0.0188	0.0198	-0.1392
7.7190	9114832.3404	-0.0022	0.0188	0.0205	-0.1398
7.7290	9114851.1702	-0.0022	0.0186	0.0208	-0.1398
7.7390	9114869.8298	-0.0023	0.0188	0.0214	-0.1392
7.7490	9114889.6809	-0.0022	0.0187	0.0199	-0.1377
7.7590	9114908.6596	-0.0023	0.0191	0.0209	-0.1389
7.7690	9114928.0000	-0.0022	0.0190	0.0204	-0.1376
7.7790	9114946.3404	-0.0022	0.0191	0.0205	-0.1382
7.7890	9114964.0000	-0.0022	0.0192	0.0197	-0.1378
7.7990	9114983.8298	-0.0023	0.0193	0.0202	-0.1374
7.8090	9115002.8298	-0.0022	0.0194	0.0200	-0.1383
7.8190	9115020.6596	-0.0023	0.0196	0.0201	-0.1382
7.8290	9115040.6596	-0.0022	0.0193	0.0194	-0.1368
7.8390	9115059.3191	-0.0024	0.0198	0.0207	-0.1368
7.8490	9115079.3404	-0.0023	0.0197	0.0199	-0.1366
7.8590	9115097.1702	-0.0024	0.0197	0.0208	-0.1363
7.8690	9115116.6596	-0.0024	0.0199	0.0204	-0.1366
7.8790	9115135.0000	-0.0023	0.0200	0.0199	-0.1363
7.8890	9115153.3191	-0.0024	0.0199	0.0199	-0.1359
7.8990	9115171.3404	-0.0023	0.0200	0.0193	-0.1346
7.9090	9115190.8298	-0.0024	0.0202	0.0198	-0.1359
7.9190	9115210.0000	-0.0024	0.0202	0.0195	-0.1351
7.9290	9115228.8298	-0.0024	0.0205	0.0198	-0.1363
7.9390	9115247.6596	-0.0024	0.0204	0.0200	-0.1357
7.9490	9115266.0000	-0.0024	0.0203	0.0195	-0.1345
7.9590	9115284.6809	-0.0025	0.0207	0.0200	-0.1351
7.9690	9115304.1702	-0.0026	0.0205	0.0206	-0.1340
7.9790	9115323.8298	-0.0024	0.0207	0.0195	-0.1344
7.9890	9115342.1702	-0.0025	0.0209	0.0194	-0.1344
7.9990	9115361.1702	-0.0025	0.0207	0.0200	-0.1335
8.0090	9115380.6596	-0.0026	0.0210	0.0204	-0.1335
8.0190	9115399.8511	-0.0025	0.0209	0.0196	-0.1334
8.0290	9115419.6596	-0.0024	0.0211	0.0188	-0.1337
8.0390	9115437.4894	-0.0025	0.0211	0.0197	-0.1334
8.0490	9115456.5106	-0.0026	0.0212	0.0198	-0.1328
8.0590	9115475.8298	-0.0025	0.0212	0.0192	-0.1330
8.0690	9115494.3404	-0.0027	0.0214	0.0196	-0.1326
8.0790	9115512.0213	-0.0026	0.0212	0.0193	-0.1318
8.0890	9115532.1702	-0.0027	0.0214	0.0200	-0.1325
8.0990	9115551.0000	-0.0027	0.0215	0.0198	-0.1317
8.1090	9115570.1702	-0.0026	0.0214	0.0192	-0.1313
8.1190	9115588.0000	-0.0026	0.0217	0.0196	-0.1327
8.1290	9115607.5106	-0.0025	0.0217	0.0185	-0.1311
8.1390	9115626.4894	-0.0025	0.0217	0.0185	-0.1314
8.1490	9115645.1702	-0.0026	0.0218	0.0190	-0.1304
8.1590	9115664.3404	-0.0025	0.0219	0.0186	-0.1317
8.1690	9115682.8298	-0.0027	0.0220	0.0193	-0.1313
8.1790	9115701.6596	-0.0027	0.0220	0.0195	-0.1306
8.1890	9115721.4894	-0.0028	0.0221	0.0196	-0.1309
8.1990	9115740.4894	-0.0026	0.0222	0.0188	-0.1305
8.2090	9115758.1702	-0.0027	0.0223	0.0191	-0.1304
8.2190	9115777.5106	-0.0027	0.0223	0.0186	-0.1302
8.2290	9115797.1702	-0.0027	0.0221	0.0192	-0.1294
8.2390	9115816.4894	-0.0028	0.0225	0.0190	-0.1296
8.2490	9115834.3404	-0.0027	0.0225	0.0190	-0.1290
8.2590	9115853.3191	-0.0028	0.0224	0.0192	-0.1293
8.2690	9115872.4894	-0.0029	0.0226	0.0190	-0.1287
8.2790	9115890.3404	-0.0029	0.0227	0.0192	-0.1293
8.2890	9115909.4894	-0.0028	0.0227	0.0190	-0.1288
8.2990	9115929.0000	-0.0026	0.0227	0.0183	-0.1287
8.3090	9115948.3404	-0.0028	0.0230	0.0185	-0.1284
8.3190	9115966.6596	-0.0029	0.0229	0.0193	-0.1285
8.3290	9115984.8298	-0.0028	0.0229	0.0185	-0.1275
8.3390	9116003.8298	-0.0029	0.0230	0.0186	-0.1279
8.3490	9116022.8298	-0.0028	0.0229	0.0187	-0.1270
8.3590	9116041.8298	-0.0027	0.0231	0.0181	-0.1278
8.3690	9116060.5106	-0.0027	0.0232	0.0182	-0.1278
8.3790	9116079.3404	-0.0028	0.0233	0.0178	-0.1272
8.3890	9116098.8298	-0.0029	0.0232	0.0185	-0.1269
8.3990	9116117.4894	-0.0030	0.0232	0.0186	-0.1268
8.4090	9116137.1915	-0.0031	0.0233	0.0194	-0.1261
8.4190	9116155.8298	-0.0029	0.0235	0.0180	-0.1266
8.4290	9116174.6596	-0.0029	0.0235	0.0180	-0.1258
8.4390	9116194.1702	-0.0029	0.0235	0.0187	-0.1257
8.4490	9116213.4894	-0.0030	0.0237	0.0183	-0.1260
8.4590	9116232.3404	-0.0029	0.0236	0.0183	-0.1259
8.4690	9116250.6596	-0.0031	0.0237	0.0191	-0.1253
8.4790	9116269.8298	-0.0030	0.0237	0.0182	-0.1254
8.4890	9116288.6596	-0.0031	0.0239	0.0188	-0.1254
8.4990	9116307.6596	-0.0031	0.0240	0.0187	-0.1253
8.5090	9116326.0000	-0.0031	0.0242	0.0186	-0.1256
8.5190	9116344.6596	-0.0030	0.0239	0.0185	-0.1245
8.5290	9116364.3404	-0.0031	0.0242	0.0186	-0.1241
8.5390	9116383.8617	-0.0032	0.0241	0.0188	-0.1240
8.5490	9116402.1702	-0.0031	0.0242	0.0183	-0.1243
8.5590	9116421.1702	-0.0032	0.0243	0.0192	-0.1245
8.5690	9116439.1702	-0.0030	0.0241	0.0180	-0.1234
8.5790	9116458.3511	-0.0031	0.0243	0.0183	-0.1238
8.5890	9116478.1702	-0.0032	0.0244	0.0187	-0.1235
8.5990	9116496.3404	-0.0032	0.0246	0.0183	-0.1242
8.6090	9116515.1702	-0.0031	0.0244	0.0182	-0.1228
8.6190	9116534.6489	-0.0030	0.0246	0.0175	-0.1230
8.6290	9116553.3191	-0.0032	0.0247	0.0184	-0.1236
8.6390	9116571.3404	-0.0032	0.0246	0.0184	-0.1226
8.6490	9116591.6489	-0.0032	0.0247	0.0182	-0.1227
8.6590	9116610.0000	-0.0031	0.0247	0.0183	-0.1222
8.6690	9116628.1809	-0.0032	0.0247	0.0179	-0.1213
8.6790	9116646.8298	-0.0031	0.0249	0.0175	-0.1221
8.6890	9116667.1702	-0.0032	0.0249	0.0183	-0.1221
8.6990	9116685.6915	-0.0032	0.0249	0.0177	-0.1219
8.7090	9116705.5213	-0.0031	0.0250	0.0172	-0.1217
8.7190	9116724.1702	-0.0032	0.0251	0.0177	-0.1219
8.7290	9116742.5106	-0.0031	0.0252	0.0173	-0.1215
8.7390	9116761.6915	-0.0032	0.0251	0.0177	-0.1214
8.7490	9116780.4787	-0.0033	0.0253	0.0181	-0.1210
8.7590	9116799.8298	-0.0032	0.0253	0.0177	-0.1208
8.7690	9116818.0000	-0.0032	0.0252	0.0174	-0.1200
8.7790	9116838.1702	-0.0033	0.0253	0.0179	-0.1203
8.7890	9116855.4894	-0.0032	0.0254	0.0171	-0.1207
8.7990	9116874.6596	-0.0034	0.0252	0.0179	-0.1199
8.8090	9116893.0000	-0.0034	0.0256	0.0181	-0.1206
8.8190	9116912.6489	-0.0033	0.0255	0.0173	-0.1186
8.8290	9116931.3191	-0.0033	0.0254	0.0176	-0.1185
8.8390	9116950.3404	-0.0033	0.0256	0.0174	-0.1197
8.8490	9116968.6489	-0.0033	0.0256	0.0173	-0.1185
8.8590	9116988.0000	-0.0033	0.0258	0.0171	-0.1191
8.8690	9117007.3085	-0.0033	0.0257	0.0172	-0.1188
8.8790	9117026.0319	-0.0034	0.0259	0.0180	-0.1191
8.8890	9117045.6596	-0.0034	0.0259	0.0176	-0.1185
8.8990	9117062.3404	-0.0034	0.0260	0.0177	-0.1191
8.9090	9117082.0106	-0.0035	0.0259	0.0176	-0.1175
8.9190	9117101.4894	-0.0033	0.0258	0.0172	-0.1175
8.9290	9117120.4787	-0.0033	0.0260	0.0171	-0.1183
8.9390	9117139.0000	-0.0034	0.0262	0.0174	-0.1182
8.9490	9117158.3404	-0.0033	0.0262	0.0168	-0.1182
8.9590	9117176.8191	-0.0034	0.0263	0.0171	-0.1180
8.9690	9117195.8298	-0.0034	0.0261	0.0174	-0.1165
8.9790	9117214.6489	-0.0033	0.0263	0.0165	-0.1173
8.9890	9117234.0000	-0.0034	0.0265	0.0172	-0.1180
8.9990	9117254.1489	-0.0036	0.0264	0.0176	-0.1168
9.0090	9117272.3191	-0.0034	0.0267	0.0171	-0.1178
9.0190	9117290.1702	-0.0034	0.0266	0.0168	-0.1176
9.0290	9117309.6596	-0.0035	0.0266	0.0173	-0.1172
9.0390	9117328.8298	-0.0035	0.0267	0.0171	-0.1162
9.0490	9117347.5213	-0.0036	0.0265	0.0174	-0.1157
9.0590	9117366.8298	-0.0035	0.0265	0.0170	-0.1159
9.0690	9117385.5106	-0.0035	0.0268	0.0169	-0.1164
9.0790	9117404.3085	-0.0035	0.0266	0.0170	-0.1150
9.0890	9117423.5106	-0.0034	0.0268	0.0166	-0.1156
9.0990	9117442.4894	-0.0035	0.0268	0.0166	-0.1154
9.1090	9117460.0213	-0.0034	0.0270	0.0164	-0.1155
9.1190	9117480.3404	-0.0034	0.0269	0.0164	-0.1149
9.1290	9117498.8191	-0.0036	0.0270	0.0174	-0.1146
9.1390	9117518.0000	-0.0036	0.0270	0.0170	-0.1143
9.1490	9117536.6596	-0.0035	0.0271	0.0168	-0.1147
9.1590	9117555.6596	-0.0036	0.0271	0.0171	-0.1149
9.1690	9117575.1702	-0.0036	0.0273	0.0170	-0.1147
9.1790	9117593.8298	-0.0035	0.0274	0.0169	-0.1147
9.1890	9117613.3404	-0.0036	0.0273	0.0171	-0.1141
9.1990	9117631.6596	-0.0036	0.0273	0.0169	-0.1143
9.2090	9117650.6809	-0.0037	0.0274	0.0173	-0.1146
9.2190	9117669.8298	-0.0036	0.0276	0.0168	-0.1142
9.2290	9117689.0106	-0.0038	0.0274	0.0176	-0.1138
9.2390	9117707.5213	-0.0037	0.0276	0.0169	-0.1139
9.2490	9117725.8298	-0.0037	0.0275	0.0168	-0.1127
9.2590	9117744.8511	-0.0037	0.0276	0.0169	-0.1131
9.2690	9117763.8191	-0.0037	0.0277	0.0166	-0.1131
9.2790	9117783.0000	-0.0037	0.0276	0.0167	-0.1129
9.2890	9117801.8191	-0.0035	0.0276	0.0162	-0.1129
9.2990	9117820.0000	-0.0036	0.0279	0.0161	-0.1117
9.3090	9117839.5213	-0.0037	0.0276	0.0168	-0.1116
9.3190	9117858.4681	-0.0038	0.0276	0.0168	-0.1121
9.3290	9117876.5106	-0.0036	0.0277	0.0160	-0.1111
9.3390	9117895.8617	-0.0037	0.0277	0.0166	-0.1118
9.3490	9117915.4681	-0.0037	0.0279	0.0164	-0.1110
9.3590	9117934.6915	-0.0037	0.0279	0.0164	-0.1112
9.3690	9117952.1702	-0.0037	0.0279	0.0165	-0.1112
9.3790	9117970.6596	-0.0037	0.0281	0.0164	-0.1108
9.3890	9117990.0106	-0.0037	0.0280	0.0161	-0.1100
9.3990	9118008.3511	-0.0036	0.0282	0.0157	-0.1105
9.4090	9118027.5106	-0.0037	0.0283	0.0164	-0.1114
9.4190	9118046.3511	-0.0036	0.0284	0.0159	-0.1114
9.4290	9118065.5106	-0.0038	0.0284	0.0163	-0.1100
9.4390	9118084.6596	-0.0039	0.0283	0.0168	-0.1103
9.4490	9118104.0000	-0.0038	0.0282	0.0163	-0.1101
9.4590	9118122.3191	-0.0037	0.0284	0.0158	-0.1100
9.4690	9118141.3404	-0.0037	0.0285	0.0156	-0.1094
9.4790	9118161.6489	-0.0037	0.0286	0.0159	-0.1096
9.4890	9118179.9787	-0.0039	0.0282	0.0167	-0.1093
9.4990	9118198.3085	-0.0037	0.0286	0.0157	-0.1093
9.5090	9118217.5213	-0.0039	0.0286	0.0162	-0.1088
9.5190	9118237.0000	-0.0038	0.0285	0.0159	-0.1091
9.5290	9118256.0426	-0.0038	0.0287	0.0162	-0.1092
9.5390	9118274.5106	-0.0038	0.0289	0.0158	-0.1086
9.5490	9118293.5213	-0.0040	0.0286	0.0170	-0.1092
9.5590	9118312.8298	-0.0039	0.0291	0.0163	-0.1090
9.5690	9118332.0426	-0.0038	0.0287	0.0159	-0.1083
9.5790	9118350.6596	-0.0037	0.0288	0.0156	-0.1083
9.5890	9118369.4787	-0.0039	0.0290	0.0157	-0.1076
9.5990	9118388.8298	-0.0040	0.0289	0.0161	-0.1076
9.6090	9118406.8404	-0.0039	0.0292	0.0158	-0.1078
9.6190	9118425.7128	-0.0039	0.0289	0.0157	-0.1078
9.6290	9118444.4894	-0.0039	0.0289	0.0161	-0.1070
9.6390	9118463.3298	-0.0038	0.0291	0.0154	-0.1076
9.6490	9118483.0000	-0.0038	0.0289	0.0152	-0.1065
9.6590	9118502.1915	-0.0041	0.0291	0.0162	-0.1062
9.6690	9118520.8298	-0.0037	0.0292	0.0153	-0.1074
9.6790	9118540.0000	-0.0040	0.0291	0.0160	-0.1065
9.6890	9118558.9894	-0.0039	0.0293	0.0160	-0.1066
9.6990	9118577.5000	-0.0039	0.0292	0.0156	-0.1068
9.7090	9118595.4574	-0.0039	0.0291	0.0157	-0.1057
9.7190	9118614.6596	-0.0040	0.0295	0.0160	-0.1068
9.7290	9118633.0000	-0.0039	0.0294	0.0155	-0.1068
9.7390	9118652.1596	-0.0040	0.0292	0.0158	-0.1061
9.7490	9118672.3404	-0.0040	0.0294	0.0155	-0.1056
9.7590	9118690.0000	-0.0039	0.0297	0.0155	-0.1064
9.7690	9118708.6915	-0.0039	0.0294	0.0155	-0.1057
9.7790	9118728.0000	-0.0041	0.0296	0.0156	-0.1053
9.7890	9118746.4894	-0.0040	0.0297	0.0158	-0.1059
9.7990	9118765.6702	-0.0039	0.0295	0.0155	-0.1051
9.8090	9118785.8298	-0.0039	0.0296	0.0153	-0.1043
9.8190	9118804.9787	-0.0040	0.0297	0.0153	-0.1048
9.8290	9118824.1596	-0.0041	0.0296	0.0159	-0.1044
9.8390	9118842.8404	-0.0040	0.0297	0.0154	-0.1045
9.8490	9118861.5213	-0.0041	0.0294	0.0157	-0.1039
9.8590	9118880.1596	-0.0038	0.0298	0.0150	-0.1046
9.8690	9118899.7128	-0.0040	0.0299	0.0153	-0.1043
9.8790	9118920.1702	-0.0041	0.0298	0.0155	-0.1038
9.8890	9118937.8191	-0.0040	0.0300	0.0150	-0.1036
9.8990	9118956.3404	-0.0038	0.0299	0.0145	-0.1034
9.9090	9118974.3617	-0.0040	0.0300	0.0152	-0.1036
9.9190	9118994.0000	-0.0039	0.0301	0.0148	-0.1034
9.9290	9119013.2021	-0.0041	0.0300	0.0151	-0.1037
9.9390	9119031.8404	-0.0042	0.0302	0.0155	-0.1035
9.9490	9119050.6596	-0.0040	0.0299	0.0150	-0.1034
9.9590	9119069.5319	-0.0040	0.0302	0.0147	-0.1035
9.9690	9119087.3617	-0.0041	0.0303	0.0152	-0.1037
9.9790	9119107.1596	-0.0039	0.0303	0.0147	-0.1029
9.9890	9119127.0000	-0.0041	0.0301	0.0153	-0.1024
9.9990	9119146.3511	-0.0039	0.0303	0.0145	-0.1032
