0.0625,1.1728e-11
0.09375,4.2212e-11
0.125,8.311e-11
0.15625,8.6147e-11
0.1875,3.4444e-11
0.21875,4.0232e-11
0.25,1.947e-11
0.28125,8.8503e-12
0.3125,6.0601e-12
0.34375,3.1589e-12
0.375,2.722e-12
0.40625,9.0607e-13
0.4375,1.5877e-12
0.46875,2.5268e-12
0.5,2.1899e-12
0.53125,1.1072e-12
0.5625,7.477e-13
0.59375,6.1987e-13
0.625,6.9836e-13
0.65625,8.4009e-13
0.6875,9.088e-13
0.71875,5.2975e-13
0.75,5.0132e-13
0.78125,4.9978e-13
0.8125,5.63e-13
0.84375,3.6305e-13
0.875,3.4394e-13
0.90625,4.894e-13
0.9375,4.1354e-13
0.96875,4.0962e-13
1,3.3633e-13
1.0312,2.2096e-13
1.0625,2.8767e-13
1.0938,3.4801e-13
1.125,4.3527e-13
1.1562,3.6967e-13
1.1875,2.9184e-13
1.2188,2.7335e-13
1.25,1.9045e-13
1.2812,1.3477e-13
1.3125,2.5798e-13
1.3438,1.8881e-13
1.375,2.5995e-13
1.4062,2.5737e-13
1.4375,1.3767e-13
1.4688,2.4098e-13
1.5,1.73e-13
1.5312,3.5707e-13
1.5625,4.2482e-13
1.5938,2.7379e-13
1.625,1.9247e-13
1.6562,2.1943e-13
1.6875,1.7789e-13
1.7188,1.8963e-13
1.75,2.0966e-13
1.7812,1.6449e-13
1.8125,1.6601e-13
1.8438,2.4846e-13
1.875,2.6173e-13
1.9062,2.8718e-13
1.9375,2.6717e-13
1.9688,2.0972e-13
2,2.2479e-13
2.0312,8.9126e-14
2.0625,1.7226e-13
2.0938,2.1594e-13
2.125,1.3681e-13
2.1562,1.079e-13
2.1875,1.9121e-13
2.2188,3.1549e-13
2.25,2.5052e-13
2.2812,1.8748e-13
2.3125,1.7916e-13
2.3438,1.9353e-13
2.375,1.5243e-13
2.4062,1.0557e-13
2.4375,2.8143e-13
2.4688,3.7295e-13
2.5,2.4774e-13
2.5312,2.955e-13
2.5625,2.3185e-13
2.5938,1.3181e-13
2.625,1.7134e-13
2.6562,2.566e-13
2.6875,2.2711e-13
2.7188,1.7742e-13
2.75,1.549e-13
2.7812,1.2892e-13
2.8125,1.8634e-13
2.8438,1.832e-13
2.875,1.4722e-13
2.9062,1.238e-13
2.9375,1.4935e-13
2.9688,1.7715e-13
3,1.3428e-13
3.0312,1.183e-13
3.0625,1.6007e-13
3.0938,1.1067e-13
3.125,3.9086e-14
3.1562,7.1542e-14
3.1875,1.3923e-13
3.2188,1.6772e-13
3.25,1.6586e-13
3.2812,1.0112e-13
3.3125,7.4873e-14
3.3438,1.8144e-13
3.375,1.2006e-13
3.4062,1.5096e-13
3.4375,1.7976e-13
3.4688,1.3402e-13
3.5,9.5406e-14
3.5312,8.8253e-14
3.5625,9.5304e-14
3.5938,1.1168e-13
3.625,9.2317e-14
3.6562,5.9397e-14
3.6875,9.9304e-14
3.7188,1.0048e-13
3.75,3.8171e-14
3.7812,6.0272e-14
3.8125,6.9378e-14
3.8438,7.3551e-14
3.875,7.6365e-14
3.9062,1.0702e-13
3.9375,7.1545e-14
3.9688,7.6978e-14
4,1.1182e-13
4.0312,9.7336e-14
4.0625,7.2455e-14
4.0938,7.3721e-14
4.125,7.098e-14
4.1562,7.0574e-14
4.1875,5.6601e-14
4.2188,4.1526e-14
4.25,4.0435e-14
4.2812,3.4004e-14
4.3125,5.2659e-14
4.3438,4.9138e-14
4.375,5.8736e-14
4.4062,9.3683e-14
4.4375,6.703e-14
4.4688,4.5147e-14
4.5,6.1398e-14
4.5312,8.3993e-14
4.5625,6.2378e-14
4.5938,7.7216e-14
4.625,9.1915e-14
4.6562,4.9179e-14
4.6875,6.5763e-14
4.7188,6.3064e-14
4.75,4.7167e-14
4.7812,6.202e-14
4.8125,3.6135e-14
4.8438,5.2967e-14
4.875,9.1659e-14
4.9062,5.9824e-14
4.9375,4.072e-14
4.9688,7.5481e-14
5,8.7768e-14
5.0312,1.1254e-13
5.0625,9.8757e-14
5.0938,6.796e-14
5.125,5.9478e-14
5.1562,6.5128e-14
5.1875,9.0244e-14
5.2188,8.0601e-14
5.25,9.438e-14
5.2812,8.5666e-14
5.3125,7.2494e-14
5.3438,8.7405e-14
5.375,9.3419e-14
5.4062,5.6535e-14
5.4375,7.1561e-14
5.4688,6.4702e-14
5.5,4.9661e-14
5.5312,7.6293e-14
5.5625,5.9184e-14
5.5938,5.6641e-14
5.625,5.1155e-14
5.6562,5.1227e-14
5.6875,5.9962e-14
5.7188,6.4233e-14
5.75,7.2822e-14
5.7812,6.8202e-14
5.8125,5.7524e-14
5.8438,4.6565e-14
5.875,5.4108e-14
5.9062,5.3392e-14
5.9375,4.2915e-14
5.9688,5.566e-14
6,6.2856e-14
6.0312,4.6731e-14
6.0625,4.8596e-14
6.0938,8.383e-14
6.125,5.5535e-14
6.1562,5.6049e-14
6.1875,4.9577e-14
6.2188,2.7002e-14
6.25,4.9669e-14
6.2812,8.3908e-14
6.3125,5.0118e-14
6.3438,2.185e-14
6.375,7.547e-14
6.4062,7.6153e-14
6.4375,7.5331e-14
6.4688,8.8192e-14
6.5,4.3116e-14
6.5312,4.8971e-14
6.5625,4.4044e-14
6.5938,4.2422e-14
6.625,5.8784e-14
6.6562,6.3588e-14
6.6875,4.3117e-14
6.7188,4.4515e-14
6.75,8.5794e-14
6.7812,8.8255e-14
6.8125,6.8994e-14
6.8438,5.5135e-14
6.875,5.5154e-14
6.9062,5.6154e-14
6.9375,5.1236e-14
6.9688,5.0343e-14
7,4.285e-14
7.0312,4.2313e-14
7.0625,2.8766e-14
7.0938,3.765e-14
7.125,4.2004e-14
7.1562,6.6199e-14
7.1875,9.2518e-14
7.2188,4.9656e-14
7.25,5.3965e-14
7.2812,5.5535e-14
7.3125,4.3364e-14
7.3438,4.2192e-14
7.375,2.1021e-14
7.4062,2.5791e-14
7.4375,5.297e-14
7.4688,2.6369e-14
7.5,3.4031e-14
7.5312,4.5546e-14
7.5625,4.9643e-14
7.5938,3.3665e-14
7.625,4.1857e-14
7.6562,4.8762e-14
7.6875,5.6679e-14
7.7188,6.1418e-14
7.75,6.5682e-14
7.7812,5.1601e-14
7.8125,2.7359e-14
7.8438,3.3463e-14
7.875,4.5382e-14
7.9062,5.5444e-14
7.9375,7.0429e-14
7.9688,5.7178e-14
8,3.4446e-14
8.0312,3.2241e-14
8.0625,4.3151e-14
8.0938,5.8919e-14
8.125,7.815e-14
8.1562,7.4239e-14
8.1875,4.3346e-14
8.2188,5.8106e-14
8.25,5.8934e-14
8.2812,5.3572e-14
8.3125,5.7545e-14
8.3438,3.6685e-14
8.375,6.7669e-14
8.4062,5.8276e-14
8.4375,3.4243e-14
8.4688,5.0537e-14
8.5,6.5795e-14
8.5312,7.3739e-14
8.5625,5.3546e-14
8.5938,3.4633e-14
8.625,5.4907e-14
8.6562,3.9406e-14
8.6875,4.9797e-14
8.7188,4.7197e-14
8.75,4.1693e-14
8.7812,5.2593e-14
8.8125,4.6021e-14
8.8438,4.7563e-14
8.875,3.9303e-14
8.9062,3.7702e-14
8.9375,5.4456e-14
8.9688,5.9298e-14
9,4.316e-14
9.0312,4.8121e-14
9.0625,4.1281e-14
9.0938,3.2453e-14
9.125,4.0257e-14
9.1562,6.6777e-14
9.1875,6.3513e-14
9.2188,4.2322e-14
9.25,3.9329e-14
9.2812,3.3572e-14
9.3125,2.8656e-14
9.3438,2.2135e-14
9.375,1.4384e-14
9.4062,1.8021e-14
9.4375,2.8804e-14
9.4688,4.6121e-14
9.5,6.2484e-14
9.5312,5.0476e-14
9.5625,4.2627e-14
9.5938,2.6272e-14
9.625,3.2271e-14
9.6562,4.1786e-14
9.6875,3.2048e-14
9.7188,2.9704e-14
9.75,3.2339e-14
9.7812,2.9537e-14
9.8125,2.361e-14
9.8438,3.0142e-14
9.875,4.0372e-14
9.9062,3.4121e-14
9.9375,4.7253e-14
9.9688,4.0482e-14
10,3.0264e-14
10.031,3.3699e-14
10.062,2.7527e-14
10.094,3.455e-14
10.125,3.6316e-14
10.156,2.0427e-14
10.188,1.8247e-14
10.219,2.7293e-14
10.25,2.3886e-14
10.281,1.3325e-14
10.312,2.2121e-14
10.344,2.2006e-14
10.375,1.2879e-14
10.406,2.3509e-14
10.438,3.275e-14
10.469,3.4461e-14
10.5,2.0098e-14
10.531,1.4511e-14
10.562,1.6594e-14
10.594,2.8495e-14
10.625,2.8732e-14
10.656,2.5934e-14
10.688,2.268e-14
10.719,1.1554e-14
10.75,2.6501e-14
10.781,2.8046e-14
10.812,1.75e-14
10.844,2.5516e-14
10.875,4.2879e-14
10.906,4.7644e-14
10.938,3.6096e-14
10.969,2.5319e-14
11,2.6289e-14
11.031,2.3178e-14
11.062,1.9718e-14
11.094,1.4808e-14
11.125,2.0604e-14
11.156,3.8217e-14
11.188,4.1997e-14
11.219,2.1311e-14
11.25,1.9467e-14
11.281,2.4903e-14
11.312,1.9664e-14
11.344,1.1808e-14
11.375,2.21e-14
11.406,1.5286e-14
11.438,9.2174e-15
11.469,1.5752e-14
11.5,2.4951e-14
11.531,1.8185e-14
11.562,2.2935e-14
11.594,3.1303e-14
11.625,2.9866e-14
11.656,2.6387e-14
11.688,2.1519e-14
11.719,2.0384e-14
11.75,1.6175e-14
11.781,1.8997e-14
11.812,1.4329e-14
11.844,1.908e-14
11.875,1.9962e-14
11.906,1.9781e-14
11.938,1.664e-14
11.969,2.0246e-14
12,1.708e-14
12.031,1.4272e-14
12.062,1.7752e-14
12.094,2.0653e-14
12.125,2.0961e-14
12.156,2.1215e-14
12.188,1.4637e-14
12.219,1.3629e-14
12.25,1.8711e-14
12.281,1.435e-14
12.312,1.7711e-14
12.344,1.2604e-14
12.375,1.2478e-14
12.406,1.5381e-14
12.438,1.0568e-14
12.469,2.034e-14
12.5,2.0541e-14
12.531,1.9679e-14
12.562,8.4211e-15
12.594,1.143e-14
12.625,9.4787e-15
12.656,1.3372e-14
12.688,1.6867e-14
12.719,1.4556e-14
12.75,1.0698e-14
12.781,1.4473e-14
12.812,1.0071e-14
12.844,1.4019e-14
12.875,8.1569e-15
12.906,1.2699e-14
12.938,9.2141e-15
12.969,1.814e-14
13,1.7519e-14
13.031,1.2668e-14
13.062,1.1889e-14
13.094,1.3853e-14
13.125,8.7995e-15
13.156,1.6008e-14
13.188,1.875e-14
13.219,1.1568e-14
13.25,1.4994e-14
13.281,1.4222e-14
13.312,1.833e-14
13.344,1.9168e-14
13.375,1.3521e-14
13.406,1.6706e-14
13.438,1.2021e-14
13.469,8.7734e-15
13.5,2.196e-14
13.531,1.723e-14
13.562,1.5509e-14
13.594,1.6101e-14
13.625,1.7054e-14
13.656,2.1716e-14
13.688,1.1579e-14
13.719,9.327e-15
13.75,9.3981e-15
13.781,2.1358e-14
13.812,3.0302e-14
13.844,2.0495e-14
13.875,1.2714e-14
13.906,9.8914e-15
13.938,1.2705e-14
13.969,1.3088e-14
14,1.5672e-14
14.031,2.1427e-14
14.062,2.2739e-14
14.094,1.8613e-14
14.125,1.2243e-14
14.156,9.5078e-15
14.188,1.2573e-14
14.219,1.2636e-14
14.25,1.4016e-14
14.281,9.7998e-15
14.312,7.8801e-15
14.344,9.6239e-15
14.375,6.1781e-15
14.406,9.9281e-15
14.438,7.8958e-15
14.469,6.5435e-15
14.5,6.9106e-15
14.531,5.0642e-15
14.562,9.244e-15
14.594,9.5676e-15
14.625,1.1595e-14
14.656,9.843e-15
14.688,9.0503e-15
14.719,7.7255e-15
14.75,2.5422e-15
14.781,8.2946e-15
14.812,9.2895e-15
14.844,6.7493e-15
14.875,6.5743e-15
14.906,5.9036e-15
14.938,1.0634e-14
14.969,7.5e-15
15,5.4153e-15
15.031,6.149e-15
15.062,6.5347e-15
15.094,4.7692e-15
15.125,7.452e-15
15.156,1.33e-14
15.188,1.0604e-14
15.219,6.1373e-15
15.25,5.7146e-15
15.281,9.8492e-15
15.312,9.0905e-15
15.344,8.7988e-15
15.375,8.2688e-15
15.406,5.8985e-15
15.438,9.0329e-15
15.469,7.7446e-15
15.5,8.1549e-15
15.531,6.0575e-15
15.562,4.5912e-15
15.594,5.7386e-15
15.625,9.6049e-15
15.656,6.078e-15
15.688,7.8039e-15
15.719,6.5962e-15
15.75,3.511e-15
15.781,8.583e-15
15.812,1.0145e-14
15.844,8.5366e-15
15.875,4.5283e-15
15.906,5.4276e-15
15.938,3.6983e-15
15.969,5.7214e-15
16,9.7761e-15
16.031,1.0435e-14
16.062,9.1059e-15
16.094,7.3153e-15
16.125,1.1497e-14
16.156,8.2833e-15
16.188,4.6184e-15
16.219,8.8133e-15
16.25,7.6732e-15
16.281,3.0491e-15
16.312,4.5277e-15
16.344,6.5952e-15
16.375,6.7582e-15
16.406,6.1078e-15
16.438,5.3782e-15
16.469,7.4168e-15
16.5,9.0076e-15
16.531,9.2036e-15
16.562,7.7062e-15
16.594,8.7687e-15
16.625,7.7749e-15
16.656,9.0206e-15
16.688,9.1555e-15
16.719,8.9428e-15
16.75,9.6217e-15
16.781,8.6468e-15
16.812,4.8761e-15
16.844,4.8017e-15
16.875,6.3947e-15
16.906,5.6053e-15
16.938,7.759e-15
16.969,6.0645e-15
17,6.5427e-15
17.031,6.2516e-15
17.062,5.0762e-15
17.094,5.3908e-15
17.125,4.7032e-15
17.156,4.0526e-15
17.188,5.7253e-15
17.219,6.4413e-15
17.25,7.5805e-15
17.281,6.6286e-15
17.312,3.9495e-15
17.344,5.0685e-15
17.375,3.9164e-15
17.406,5.1514e-15
17.438,4.6978e-15
17.469,3.8249e-15
17.5,3.3397e-15
17.531,3.5877e-15
17.562,7.1469e-15
17.594,8.1177e-15
17.625,6.4246e-15
17.656,6.6614e-15
17.688,4.3134e-15
17.719,3.8654e-15
17.75,3.2388e-15
17.781,2.8787e-15
17.812,5.5543e-15
17.844,8.7901e-15
17.875,5.4452e-15
17.906,4.4424e-15
17.938,4.5406e-15
17.969,5.9823e-15
18,4.3555e-15
18.031,4.3051e-15
18.062,4.8673e-15
18.094,4.5595e-15
18.125,3.5842e-15
18.156,3.1951e-15
18.188,4.185e-15
18.219,4.6923e-15
18.25,4.9311e-15
18.281,6.9741e-15
18.312,4.1367e-15
18.344,5.0899e-15
18.375,3.1865e-15
18.406,4.6657e-15
18.438,4.8159e-15
18.469,2.1509e-15
18.5,3.9023e-15
18.531,3.6167e-15
18.562,3.2554e-15
18.594,2.985e-15
18.625,3.3674e-15
18.656,3.9275e-15
18.688,2.876e-15
18.719,2.2524e-15
18.75,5.235e-15
18.781,7.1031e-15
18.812,7.1335e-15
18.844,5.7671e-15
18.875,3.3635e-15
18.906,2.714e-15
18.938,3.3275e-15
18.969,5.3015e-15
19,6.0145e-15
19.031,6.6139e-15
19.062,5.138e-15
19.094,5.9609e-15
19.125,6.239e-15
19.156,6.2343e-15
19.188,8.5618e-15
19.219,1.1528e-14
19.25,7.6193e-15
19.281,4.7402e-15
19.312,2.7906e-15
19.344,4.0928e-15
19.375,7.7263e-15
19.406,9.8735e-15
19.438,5.4499e-15
19.469,4.4611e-15
19.5,5.3608e-15
19.531,3.1423e-15
19.562,3.9785e-15
19.594,3.649e-15
19.625,3.0592e-15
19.656,3.365e-15
19.688,3.3681e-15
19.719,2.9164e-15
19.75,2.2942e-15
19.781,3.0275e-15
19.812,3.7997e-15
19.844,4.8606e-15
19.875,3.9526e-15
19.906,2.1151e-15
19.938,1.4049e-15
19.969,1.8101e-15
20,2.5404e-15
20.031,2.092e-15
20.062,3.0832e-15
20.094,3.1439e-15
20.125,3.2799e-15
20.156,3.4581e-15
20.188,1.9246e-15
20.219,2.6961e-15
20.25,3.2174e-15
20.281,2.7455e-15
20.312,3.2224e-15
20.344,3.1241e-15
20.375,3.4783e-15
20.406,3.2404e-15
20.438,2.8106e-15
20.469,2.6463e-15
20.5,2.5964e-15
20.531,2.2791e-15
20.562,1.1053e-15
20.594,2.6152e-15
20.625,3.4395e-15
20.656,3.0803e-15
20.688,2.619e-15
20.719,3.5453e-15
20.75,2.7012e-15
20.781,1.4252e-15
20.812,1.1742e-15
20.844,1.7999e-15
20.875,2.3984e-15
20.906,3.5423e-15
20.938,3.0948e-15
20.969,2.0681e-15
21,2.509e-15
21.031,2.9156e-15
21.062,2.4631e-15
21.094,2.261e-15
21.125,2.4898e-15
21.156,3.3216e-15
21.188,2.0953e-15
21.219,1.0303e-15
21.25,2.2371e-15
21.281,2.4207e-15
21.312,2.3659e-15
21.344,1.5208e-15
21.375,1.8471e-15
21.406,3.4995e-15
21.438,2.0852e-15
21.469,3.1999e-15
21.5,2.13e-15
21.531,2.1774e-15
21.562,3.3321e-15
21.594,2.2346e-15
21.625,2.1167e-15
21.656,2.6152e-15
21.688,3.6007e-15
21.719,3.2091e-15
21.75,2.3423e-15
21.781,2.2548e-15
21.812,2.8499e-15
21.844,1.3164e-15
21.875,4.5295e-15
21.906,4.7455e-15
21.938,3.3409e-15
21.969,2.62e-15
22,3.1754e-15
22.031,3.5445e-15
22.062,2.7086e-15
22.094,2.0912e-15
22.125,2.3594e-15
22.156,2.1925e-15
22.188,3.9329e-15
22.219,3.2052e-15
22.25,3.0159e-15
22.281,3.4141e-15
22.312,2.2936e-15
22.344,1.6914e-15
22.375,2.6772e-15
22.406,1.8089e-15
22.438,2.2457e-15
22.469,2.7149e-15
22.5,2.3101e-15
22.531,1.8343e-15
22.562,2.3205e-15
22.594,1.9242e-15
22.625,2.5639e-15
22.656,1.928e-15
22.688,2.9468e-15
22.719,2.096e-15
22.75,1.1298e-15
22.781,1.8617e-15
22.812,2.0833e-15
22.844,1.7366e-15
22.875,1.9068e-15
22.906,2.4512e-15
22.938,1.5043e-15
22.969,1.3228e-15
23,1.7274e-15
23.031,2.5262e-15
23.062,2.7508e-15
23.094,1.5506e-15
23.125,1.9083e-15
23.156,2.8256e-15
23.188,3.1637e-15
23.219,1.9171e-15
23.25,2.2408e-15
23.281,2.3421e-15
23.312,1.81e-15
23.344,2.1317e-15
23.375,2.2454e-15
23.406,2.6542e-15
23.438,2.8064e-15
23.469,2.6391e-15
23.5,3.1345e-15
23.531,2.955e-15
23.562,2.4484e-15
23.594,2.3719e-15
23.625,2.3045e-15
23.656,1.9387e-15
23.688,1.682e-15
23.719,1.8844e-15
23.75,2.7988e-15
23.781,2.7412e-15
23.812,2.2189e-15
23.844,2.2676e-15
23.875,1.6533e-15
23.906,1.7913e-15
23.938,2.1942e-15
23.969,2.1405e-15
24,2.3521e-15
24.031,2.0663e-15
24.062,2.5425e-15
24.094,2.7464e-15
24.125,2.3983e-15
24.156,2.5857e-15
24.188,2.4561e-15
24.219,2.8559e-15
24.25,1.835e-15
24.281,1.8623e-15
24.312,2.3644e-15
24.344,3.2124e-15
24.375,3.1308e-15
24.406,2.8059e-15
24.438,2.3135e-15
24.469,2.4576e-15
24.5,1.5379e-15
24.531,1.6792e-15
24.562,3.2606e-15
24.594,3.5634e-15
24.625,3.53e-15
24.656,4.8205e-15
24.688,6.2059e-15
24.719,5.2718e-15
24.75,3.6066e-15
24.781,2.1285e-15
24.812,3.48e-15
24.844,2.7194e-15
24.875,2.5749e-15
24.906,2.8636e-15
24.938,2.824e-15
24.969,3.149e-15
25,3.3027e-15
25.25,1.6799e-15
25.5,1.81e-15
25.75,1.8053e-15
26,2.0155e-15
26.25,1.8717e-15
26.5,1.5896e-15
26.75,2.1523e-15
27,2.2219e-15
27.25,1.8071e-15
27.5,1.7873e-15
27.75,1.5777e-15
28,1.5039e-15
28.25,1.5379e-15
28.5,1.4969e-15
28.75,1.424e-15
29,1.4139e-15
29.25,1.554e-15
29.5,1.4829e-15
29.75,1.3773e-15
30,1.3639e-15
30.25,1.2733e-15
30.5,1.7773e-15
30.75,1.446e-15
31,1.1783e-15
31.25,1.0049e-15
31.5,1.016e-15
31.75,8.9415e-16
32,1.1671e-15
32.25,1.2368e-15
32.5,1.2285e-15
32.75,1.165e-15
33,9.4596e-16
33.25,9.2006e-16
33.5,9.9793e-16
33.75,1.0793e-15
34,1.1719e-15
34.25,1.2765e-15
34.5,9.6966e-16
34.75,8.3171e-16
35,9.0222e-16
35.25,8.4971e-16
35.5,1.085e-15
35.75,1.0276e-15
36,1.0897e-15
36.25,1.0058e-15
36.5,8.4456e-16
36.75,8.0179e-16
37,7.7691e-16
37.25,9.5995e-16
37.5,9.5041e-16
37.75,1.0041e-15
38,9.0781e-16
38.25,8.3364e-16
38.5,9.373e-16
38.75,8.5945e-16
39,8.0298e-16
39.25,6.3288e-16
39.5,7.2672e-16
39.75,8.7138e-16
40,9.5326e-16
40.25,9.0443e-16
40.5,6.8969e-16
40.75,6.5406e-16
41,5.9541e-16
41.25,7.0543e-16
41.5,6.1501e-16
41.75,6.0837e-16
42,6.4293e-16
42.25,6.191e-16
42.5,5.7867e-16
42.75,5.4769e-16
43,5.3836e-16
43.25,6.9463e-16
43.5,7.5148e-16
43.75,5.9568e-16
44,5.3701e-16
44.25,7.3483e-16
44.5,5.9146e-16
44.75,6.4474e-16
45,6.6958e-16
45.25,5.8071e-16
45.5,5.8769e-16
45.75,6.2355e-16
46,5.5736e-16
46.25,5.6884e-16
46.5,4.5433e-16
46.75,5.775e-16
47,4.4494e-16
47.25,6.6506e-16
47.5,6.6735e-16
47.75,7.2813e-16
48,6.7886e-16
48.25,5.6988e-16
48.5,4.9092e-16
48.75,3.9698e-16
49,4.4355e-16
49.25,4.9105e-16
49.5,5.9727e-16
49.75,7.1135e-16
50,6.5586e-16
50.25,5.8833e-16
50.5,4.7413e-16
50.75,4.9816e-16
51,5.2067e-16
51.25,6.1842e-16
51.5,6.2739e-16
51.75,4.6711e-16
52,3.7736e-16
52.25,4.4683e-16
52.5,4.6063e-16
52.75,5.0239e-16
53,5.6503e-16
53.25,5.3902e-16
53.5,5.7459e-16
53.75,4.0216e-16
54,4.6263e-16
54.25,5.2644e-16
54.5,4.4435e-16
54.75,5.2791e-16
55,4.6752e-16
55.25,3.6615e-16
55.5,4.4816e-16
55.75,4.2888e-16
56,5.0537e-16
56.25,4.5603e-16
56.5,4.7338e-16
56.75,4.4573e-16
57,3.9957e-16
57.25,3.886e-16
57.5,5.0945e-16
57.75,4.7987e-16
58,5.5503e-16
58.25,4.8537e-16
58.5,4.2761e-16
58.75,5.0508e-16
59,4.6819e-16
59.25,4.1086e-16
59.5,8.2696e-16
59.75,3.943e-14
60,8.5901e-14
60.25,4.6906e-14
60.5,1.251e-15
60.75,4.154e-16
61,3.6792e-16
61.25,4.4185e-16
61.5,4.1801e-16
61.75,3.9535e-16
62,3.3951e-16
62.25,3.5709e-16
62.5,4.2714e-16
62.75,4.858e-16
63,4.4135e-16
63.25,3.4019e-16
63.5,2.9571e-16
63.75,2.975e-16
64,3.7078e-16
64.25,3.5858e-16
64.5,3.4265e-16
64.75,3.5382e-16
65,3.4458e-16
65.25,3.4895e-16
65.5,3.1424e-16
65.75,3.9112e-16
66,3.7738e-16
66.25,3.1349e-16
66.5,3.005e-16
66.75,3.2626e-16
67,3.995e-16
67.25,3.8497e-16
67.5,4.1936e-16
67.75,4.0674e-16
68,2.9264e-16
68.25,3.7485e-16
68.5,3.764e-16
68.75,3.2152e-16
69,3.2719e-16
69.25,3.0203e-16
69.5,3.5506e-16
69.75,4.0194e-16
70,3.7924e-16
70.25,3.7462e-16
70.5,3.5102e-16
70.75,3.2254e-16
71,3.2843e-16
71.25,3.4094e-16
71.5,3.6649e-16
71.75,2.7368e-16
72,3.5244e-16
72.25,3.6492e-16
72.5,3.467e-16
72.75,3.3052e-16
73,3.069e-16
73.25,3.7083e-16
73.5,3.4172e-16
73.75,3.0394e-16
74,3.6518e-16
74.25,3.8137e-16
74.5,3.1387e-16
74.75,2.4686e-16
75,3.2149e-16
75.25,3.3316e-16
75.5,3.1462e-16
75.75,2.9504e-16
76,2.9376e-16
76.25,3.5552e-16
76.5,3.7227e-16
76.75,3.22e-16
77,3.6309e-16
77.25,4.0809e-16
77.5,3.7322e-16
77.75,2.6635e-16
78,2.8633e-16
78.25,2.5684e-16
78.5,2.3735e-16
78.75,2.6312e-16
79,2.9125e-16
79.25,2.8347e-16
79.5,2.7541e-16
79.75,3.0141e-16
80,2.7916e-16
80.25,2.8699e-16
80.5,2.6977e-16
80.75,2.4711e-16
81,3.1434e-16
81.25,3.5658e-16
81.5,3.5787e-16
81.75,2.9159e-16
82,2.6732e-16
82.25,3.5055e-16
82.5,3.6659e-16
82.75,2.9191e-16
83,3.0325e-16
83.25,2.9052e-16
83.5,2.7826e-16
83.75,2.5057e-16
84,2.33e-16
84.25,3.0286e-16
84.5,2.8364e-16
84.75,2.6535e-16
85,2.4775e-16
85.25,2.6791e-16
85.5,2.5984e-16
85.75,2.5595e-16
86,2.2502e-16
86.25,2.3666e-16
86.5,2.6195e-16
86.75,2.6221e-16
87,3.0585e-16
87.25,3.2236e-16
87.5,2.4256e-16
87.75,2.8366e-16
88,3.2878e-16
88.25,3.3207e-16
88.5,3.4029e-16
88.75,3.0569e-16
89,3.0567e-16
89.25,2.8454e-16
89.5,2.4723e-16
89.75,2.3731e-16
90,2.6712e-16
90.25,2.8505e-16
90.5,2.6956e-16
90.75,1.8311e-16
91,2.32e-16
91.25,2.7046e-16
91.5,2.6967e-16
91.75,2.7894e-16
92,2.5793e-16
92.25,3.2099e-16
92.5,3.0061e-16
92.75,2.8302e-16
93,2.5903e-16
93.25,2.3777e-16
93.5,2.3587e-16
93.75,2.2545e-16
94,2.5306e-16
94.25,2.822e-16
94.5,2.7906e-16
94.75,2.9598e-16
95,3.1523e-16
95.25,2.2909e-16
95.5,3.023e-16
95.75,2.6015e-16
96,2.1079e-16
96.25,1.698e-16
96.5,2.2742e-16
96.75,2.3378e-16
97,2.2749e-16
97.25,1.8708e-16
97.5,2.3497e-16
97.75,2.3512e-16
98,1.9889e-16
98.25,2.1768e-16
98.5,1.9363e-16
98.75,2.3764e-16
99,1.8649e-16
99.25,2.0302e-16
99.5,2.206e-16
99.75,2.2895e-16
100,1.881e-16
100.25,1.9006e-16
100.5,2.3178e-16
100.75,2.6606e-16
101,2.788e-16
101.25,2.1138e-16
101.5,2.3999e-16
101.75,2.3739e-16
102,2.5446e-16
102.25,2.8154e-16
102.5,2.4146e-16
102.75,2.4668e-16
103,2.1717e-16
103.25,2.2161e-16
103.5,2.3612e-16
103.75,1.9924e-16
104,2.4288e-16
104.25,2.3806e-16
104.5,1.7614e-16
104.75,2.2944e-16
105,2.3505e-16
105.25,1.7044e-16
105.5,2.4349e-16
105.75,2.5966e-16
106,2.2247e-16
106.25,2.1384e-16
106.5,2.2505e-16
106.75,2.6687e-16
107,2.4854e-16
107.25,2.2454e-16
107.5,2.4009e-16
107.75,2.525e-16
108,2.0182e-16
108.25,2.4151e-16
108.5,1.6329e-16
108.75,1.7547e-16
109,2.3678e-16
109.25,2.48e-16
109.5,2.6396e-16
109.75,2.2243e-16
110,2.1069e-16
110.25,2.0659e-16
110.5,2.3502e-16
110.75,2.0747e-16
111,2.126e-16
111.25,2.0153e-16
111.5,2.2043e-16
111.75,1.9786e-16
112,2.1701e-16
112.25,2.4366e-16
112.5,2.3404e-16
112.75,2.0706e-16
113,1.1736e-16
113.25,2.3298e-16
113.5,2.8028e-16
113.75,2.3666e-16
114,2.1496e-16
114.25,2.5344e-16
114.5,2.2216e-16
114.75,1.907e-16
115,1.6773e-16
115.25,2.163e-16
115.5,2.0521e-16
115.75,2.1367e-16
116,1.8604e-16
116.25,1.9932e-16
116.5,2.1024e-16
116.75,2.301e-16
117,2.8314e-16
117.25,2.64e-16
117.5,2.5419e-16
117.75,1.9313e-16
118,2.149e-16
118.25,2.2298e-16
118.5,1.5994e-16
118.75,1.871e-16
119,2.0299e-16
119.25,2.242e-16
119.5,2.2307e-16
119.75,1.5132e-15
120,3.571e-15
120.25,2.1667e-15
120.5,2.7281e-16
120.75,2.3656e-16
121,2.206e-16
121.25,1.7376e-16
121.5,1.9003e-16
121.75,1.9321e-16
122,1.8745e-16
122.25,2.0311e-16
122.5,2.2101e-16
122.75,2.3206e-16
123,2.1684e-16
123.25,2.0601e-16
123.5,1.7474e-16
123.75,2.0081e-16
124,2.5671e-16
124.25,2.3246e-16
124.5,1.9297e-16
124.75,1.8635e-16
125,2.0622e-16
125.25,2.0653e-16
125.5,2.2436e-16
125.75,2.6263e-16
126,2.018e-16
126.25,2.1299e-16
126.5,2.1861e-16
126.75,1.9226e-16
127,2.0391e-16
127.25,1.9312e-16
127.5,1.9769e-16
127.75,1.9406e-16
128,1.7875e-16
128.25,1.2999e-16
128.5,1.4417e-16
128.75,1.7824e-16
129,2.0887e-16
129.25,2.0414e-16
129.5,2.0648e-16
129.75,1.7321e-16
130,2.0485e-16
130.25,1.8497e-16
130.5,2.0405e-16
130.75,2.1234e-16
131,2.2878e-16
131.25,2.4348e-16
131.5,2.2397e-16
131.75,1.654e-16
132,2.0478e-16
132.25,2.0939e-16
132.5,1.9235e-16
132.75,2.142e-16
133,2.3549e-16
133.25,2.1646e-16
133.5,2.1792e-16
133.75,2.3015e-16
134,2.1128e-16
134.25,1.8771e-16
134.5,1.9254e-16
134.75,1.7581e-16
135,1.733e-16
135.25,1.8334e-16
135.5,1.6207e-16
135.75,1.6389e-16
136,1.7263e-16
136.25,1.3924e-16
136.5,1.6523e-16
136.75,2.1736e-16
137,2.3078e-16
137.25,1.8286e-16
137.5,1.4692e-16
137.75,1.3516e-16
138,1.9331e-16
138.25,2.2528e-16
138.5,2.0115e-16
138.75,1.6803e-16
139,1.521e-16
139.25,1.5713e-16
139.5,1.6416e-16
139.75,2.1712e-16
140,2.0249e-16
140.25,1.9831e-16
140.5,1.9799e-16
140.75,1.7692e-16
141,1.624e-16
141.25,1.4735e-16
141.5,1.7165e-16
141.75,2.1741e-16
142,1.9142e-16
142.25,1.3794e-16
142.5,1.63e-16
142.75,1.8927e-16
143,1.6304e-16
143.25,1.7527e-16
143.5,1.3497e-16
143.75,1.811e-16
144,2.0075e-16
144.25,2.1052e-16
144.5,2.1359e-16
144.75,1.6854e-16
145,1.7452e-16
145.25,1.7281e-16
145.5,1.5426e-16
145.75,1.3969e-16
146,1.7749e-16
146.25,1.9352e-16
146.5,1.8935e-16
146.75,2.0043e-16
147,1.8618e-16
147.25,2.1023e-16
147.5,2.0859e-16
147.75,1.9862e-16
148,1.7076e-16
148.25,1.9191e-16
148.5,1.9196e-16
148.75,1.4085e-16
149,1.4519e-16
149.25,1.4532e-16
149.5,1.4295e-16
149.75,1.5219e-16
150,1.6759e-16
150.25,1.698e-16
150.5,1.956e-16
150.75,1.955e-16
151,1.8863e-16
151.25,1.9722e-16
151.5,1.7407e-16
151.75,2.053e-16
152,2.0906e-16
152.25,1.8191e-16
152.5,2.0262e-16
152.75,1.7267e-16
153,1.8654e-16
153.25,1.8587e-16
153.5,2.1938e-16
153.75,1.8703e-16
154,1.7136e-16
154.25,1.6063e-16
154.5,1.5719e-16
154.75,1.8198e-16
155,1.6542e-16
155.25,1.8848e-16
155.5,1.7822e-16
155.75,1.4828e-16
156,1.6243e-16
156.25,1.5563e-16
156.5,1.7697e-16
156.75,1.5621e-16
157,1.4972e-16
157.25,1.8935e-16
157.5,1.8163e-16
157.75,1.4022e-16
158,1.285e-16
158.25,1.427e-16
158.5,1.7432e-16
158.75,1.8234e-16
159,1.7454e-16
159.25,1.5571e-16
159.5,1.6794e-16
159.75,1.7795e-16
160,1.5423e-16
160.25,1.474e-16
160.5,1.3495e-16
160.75,1.4575e-16
161,1.6396e-16
161.25,1.9737e-16
161.5,1.9981e-16
161.75,1.565e-16
162,1.7025e-16
162.25,1.9314e-16
162.5,1.7014e-16
162.75,1.7281e-16
163,1.6025e-16
163.25,1.5121e-16
163.5,1.775e-16
163.75,1.5237e-16
164,1.8327e-16
164.25,1.7379e-16
164.5,1.416e-16
164.75,1.5217e-16
165,1.461e-16
165.25,1.3413e-16
165.5,1.7445e-16
165.75,1.9362e-16
166,1.6561e-16
166.25,1.3168e-16
166.5,1.5635e-16
166.75,1.5904e-16
167,1.6303e-16
167.25,1.7571e-16
167.5,1.8601e-16
167.75,1.9849e-16
168,1.6547e-16
168.25,1.3743e-16
168.5,1.625e-16
168.75,1.5026e-16
169,1.2726e-16
169.25,1.4019e-16
169.5,1.2151e-16
169.75,1.4653e-16
170,1.6047e-16
170.25,1.445e-16
170.5,1.495e-16
170.75,1.469e-16
171,1.399e-16
171.25,1.4608e-16
171.5,1.5055e-16
171.75,1.5469e-16
172,1.8207e-16
172.25,1.4205e-16
172.5,2.0249e-16
172.75,2.4207e-16
173,1.9048e-16
173.25,1.7179e-16
173.5,1.8001e-16
173.75,1.5731e-16
174,1.3459e-16
174.25,1.7539e-16
174.5,2.5153e-16
174.75,5.6658e-16
175,4.3747e-16
175.25,1.801e-16
175.5,1.5431e-16
175.75,1.0878e-16
176,1.6233e-16
176.25,1.5209e-16
176.5,1.4489e-16
176.75,1.4588e-16
177,1.3402e-16
177.25,1.5452e-16
177.5,1.4546e-16
177.75,1.6419e-16
178,1.7449e-16
178.25,1.9233e-16
178.5,1.7128e-16
178.75,1.7256e-16
179,1.9316e-16
179.25,3.7169e-16
179.5,1.1672e-15
179.75,2.1236e-14
180,5.5476e-14
180.25,3.5653e-14
180.5,2.2909e-15
180.75,5.6646e-16
181,2.444e-16
181.25,2.0468e-16
181.5,1.8794e-16
181.75,2.1202e-16
182,2.0692e-16
182.25,1.4613e-16
182.5,1.5564e-16
182.75,1.6736e-16
183,2.3402e-16
183.25,2.6315e-16
183.5,2.094e-16
183.75,2.3883e-16
184,2.1639e-16
184.25,1.9202e-16
184.5,1.5546e-16
184.75,1.9146e-16
185,1.955e-16
185.25,2.0389e-16
185.5,1.806e-16
185.75,1.6985e-16
186,1.674e-16
186.25,1.4695e-16
186.5,1.8666e-16
186.75,1.8426e-16
187,1.7156e-16
187.25,1.6418e-16
187.5,1.8692e-16
187.75,1.9887e-16
188,1.6754e-16
188.25,1.6082e-16
188.5,1.5002e-16
188.75,1.4366e-16
189,1.5127e-16
189.25,1.4393e-16
189.5,1.331e-16
189.75,1.4928e-16
190,1.35e-16
190.25,1.3967e-16
190.5,1.5011e-16
190.75,1.4593e-16
191,1.4092e-16
191.25,1.6663e-16
191.5,1.6576e-16
191.75,1.1802e-16
192,1.667e-16
192.25,1.6245e-16
192.5,1.5377e-16
192.75,1.7522e-16
193,1.9932e-16
193.25,1.8879e-16
193.5,1.7411e-16
193.75,1.447e-16
194,1.3902e-16
194.25,1.529e-16
194.5,1.5228e-16
194.75,1.6464e-16
195,1.6523e-16
195.25,1.2889e-16
195.5,1.0873e-16
195.75,1.1397e-16
196,1.4887e-16
196.25,1.4237e-16
196.5,1.2953e-16
196.75,1.2203e-16
197,1.6075e-16
197.25,1.3974e-16
197.5,1.4639e-16
197.75,1.5537e-16
198,1.618e-16
198.25,1.6897e-16
198.5,1.4447e-16
198.75,1.5041e-16
199,1.2999e-16
199.25,1.1583e-16
199.5,1.6812e-16
199.75,1.5277e-16
200,1.2576e-16
202,1.432e-16
204,1.4435e-16
206,1.4555e-16
208,1.3616e-16
210,1.3744e-16
212,1.3458e-16
214,1.3342e-16
216,1.3154e-16
218,1.3684e-16
220,1.3522e-16
222,1.3423e-16
224,1.33e-16
226,1.3161e-16
228,1.3007e-16
230,1.296e-16
232,1.2833e-16
234,1.28e-16
236,1.2866e-16
238,4.3987e-16
240,8.5907e-16
242,4.4428e-16
244,1.2646e-16
246,1.2747e-16
248,1.2392e-16
250,1.2313e-16
252,1.2152e-16
254,1.2732e-16
256,1.3455e-16
258,1.291e-16
260,1.365e-16
262,1.3217e-16
264,1.293e-16
266,1.2969e-16
268,1.2678e-16
270,1.2718e-16
272,1.3238e-16
274,1.2849e-16
276,1.2792e-16
278,1.3003e-16
280,1.4187e-16
282,1.489e-16
284,1.3702e-16
286,1.2312e-16
288,1.2174e-16
290,1.1148e-16
292,1.1239e-16
294,1.154e-16
296,1.2242e-16
298,6.91e-15
300,1.3917e-14
302,7.0201e-15
304,1.2177e-16
306,1.1761e-16
308,1.1757e-16
310,1.1742e-16
312,1.1268e-16
314,1.1366e-16
316,1.1107e-16
318,1.0984e-16
320,1.0956e-16
322,1.0915e-16
324,1.0631e-16
326,1.1198e-16
328,1.1396e-16
330,1.0929e-16
332,1.0702e-16
334,1.0827e-16
336,1.0992e-16
338,1.1061e-16
340,1.1243e-16
342,1.2223e-16
344,1.2437e-16
346,1.172e-16
348,1.5664e-16
350,2.0135e-16
352,1.4417e-16
354,1.2694e-16
356,1.1933e-16
358,2.9277e-16
360,5.4599e-16
362,2.9792e-16
364,1.2981e-16
366,1.4039e-16
368,2.5829e-16
370,5.2411e-16
372,5.0282e-16
374,3.3083e-16
376,1.8802e-16
378,1.2676e-16
380,1.1059e-16
382,1.1986e-16
384,1.3311e-16
386,1.1845e-16
388,1.0434e-16
390,9.7034e-17
392,9.8061e-17
394,9.8975e-17
396,9.4448e-17
398,9.7595e-17
400,9.968e-17
402,9.6389e-17
404,9.6931e-17
406,1.002e-16
408,1.0514e-16
410,1.0242e-16
412,9.8998e-17
414,1.0088e-16
416,1.0331e-16
418,3.8887e-15
420,7.8543e-15
422,3.9756e-15
424,1.0559e-16
426,9.9223e-17
428,1.0583e-16
430,1.1482e-16
432,1.1194e-16
434,1.1328e-16
436,1.668e-16
438,4.0454e-16
440,3.4996e-16
442,1.3856e-16
444,1.2632e-16
446,1.163e-16
448,1.7986e-16
450,4.4548e-16
452,7.1649e-16
454,6.9496e-16
456,1.363e-15
458,2.0877e-15
460,2.4358e-15
462,1.8275e-15
464,7.2661e-16
466,2.1787e-16
468,1.4636e-16
470,1.5681e-16
472,1.5163e-16
474,2.5176e-16
476,5.3422e-16
478,7.0774e-16
480,4.5459e-16
482,2.9233e-16
484,2.2184e-16
486,2.9016e-16
488,6.2881e-16
490,6.2101e-16
492,4.1663e-16
494,3.2506e-16
496,4.3573e-16
498,5.112e-16
500,6.8189e-16
502,8.4815e-16
504,6.8832e-16
506,4.5613e-16
508,2.999e-16
510,2.2048e-16
512,1.7078e-16
514,1.3739e-16
516,1.4988e-16
518,1.5158e-16
520,1.2783e-16
522,1.1657e-16
524,1.8067e-16
526,1.5175e-16
528,1.0814e-16
530,9.6172e-17
532,9.7021e-17
534,9.7975e-17
536,9.7505e-17
538,2.2439e-16
540,4.2085e-16
542,2.298e-16
544,9.531e-17
546,9.4538e-17
548,9.4286e-17
550,9.2199e-17
552,8.9757e-17
554,9.1674e-17
556,9.1978e-17
558,8.9774e-17
560,9.0887e-17
562,9.5385e-17
564,9.2865e-17
566,9.4085e-17
568,1.0026e-16
570,9.357e-17
572,8.9397e-17
574,8.7168e-17
576,8.7825e-17
578,8.5791e-17
580,8.7316e-17
582,8.5695e-17
584,8.694e-17
586,8.6743e-17
588,8.5929e-17
590,8.8401e-17
592,8.7614e-17
594,8.5915e-17
596,8.5159e-17
598,1.5786e-16
600,2.7567e-16
602,1.59e-16
604,8.8844e-17
606,9.0869e-17
608,8.9868e-17
610,9.192e-17
612,9.3879e-17
614,9.4415e-17
616,9.6539e-17
618,9.7648e-17
620,1.0321e-16
622,1.1191e-16
624,1.0011e-16
626,9.7362e-17
628,1.0668e-16
630,1.0992e-16
632,1.0617e-16
634,1.1354e-16
636,1.1998e-16
638,1.5007e-16
640,2.3558e-16
642,3.4309e-16
644,3.6447e-16
646,2.0577e-16
648,1.2581e-16
650,1.3483e-16
652,1.4796e-16
654,1.5522e-16
656,1.6825e-16
658,2.7346e-16
660,4.6632e-16
662,2.9156e-16
664,1.7977e-16
666,1.6748e-16
668,1.6875e-16
670,1.5903e-16
672,1.5519e-16
674,1.5664e-16
676,1.6166e-16
678,1.6804e-16
680,1.8677e-16
682,2.2744e-16
684,2.5954e-16
686,2.8724e-16
688,3.1353e-16
690,3.3995e-16
692,3.6151e-16
694,3.7678e-16
696,3.6842e-16
698,3.9309e-16
700,4.0699e-16
702,4.0051e-16
704,4.1826e-16
706,4.3931e-16
708,4.9313e-16
710,5.5206e-16
712,5.5797e-16
714,5.0809e-16
716,4.2409e-16
718,3.5208e-16
720,2.8455e-16
722,2.3262e-16
724,1.9659e-16
726,1.7793e-16
728,1.7209e-16
730,1.7142e-16
732,1.6779e-16
734,1.6276e-16
736,1.4926e-16
738,1.2866e-16
740,1.2343e-16
742,1.1845e-16
744,1.1173e-16
746,1.145e-16
748,1.7945e-16
750,2.5985e-16
752,2.8917e-16
754,2.0448e-16
756,1.2923e-16
758,1.3254e-16
760,1.8016e-16
762,4.2531e-16
764,8.5463e-16
766,5.5797e-16
768,2.3134e-16
770,2.3979e-16
772,1.9206e-16
774,1.5846e-16
776,1.5679e-16
778,5.603e-16
780,1.0995e-15
782,5.8673e-16
784,2.637e-16
786,2.8301e-16
788,1.7739e-16
790,1.2635e-16
792,1.1636e-16
794,1.07e-16
796,1.0455e-16
798,1.1076e-16
800,1.2275e-16
802,1.4501e-16
804,1.4633e-16
806,1.3199e-16
808,1.0958e-16
810,1.0703e-16
812,1.2316e-16
814,1.5488e-16
816,1.6829e-16
818,1.8827e-16
820,2.1373e-16
822,2.4026e-16
824,1.8337e-16
826,1.2459e-16
828,1.276e-16
830,1.2608e-16
832,1.2106e-16
834,1.1872e-16
836,1.2191e-16
838,1.43e-16
840,1.6367e-16
842,1.7767e-16
844,1.6515e-16
846,1.774e-16
848,2.8993e-16
850,5.1204e-16
852,5.6373e-16
854,6.1961e-16
856,7.4178e-16
858,6.6651e-16
860,8.1836e-16
862,1.9579e-15
864,3.0719e-15
866,2.7696e-15
868,2.4229e-15
870,2.4484e-15
872,5.0147e-15
874,1.5608e-14
876,2.9399e-14
878,3.4254e-14
880,2.5507e-14
882,1.5963e-14
884,8.8537e-15
886,4.6619e-15
888,2.7906e-15
890,1.918e-15
892,1.9928e-15
894,2.5622e-15
896,3.2588e-15
898,3.4461e-15
900,2.7767e-15
902,1.968e-15
904,1.7377e-15
906,1.8721e-15
908,2.1016e-15
910,2.3435e-15
912,2.1003e-15
914,1.3286e-15
916,8.6075e-16
918,7.0931e-16
920,6.4901e-16
922,7.6893e-16
924,1.5547e-15
926,2.5614e-15
928,2.3949e-15
930,1.6002e-15
932,1.2234e-15
934,9.2531e-16
936,8.2762e-16
938,1.0842e-15
940,1.551e-15
942,2.2363e-15
944,1.9718e-15
946,9.6994e-16
948,5.4086e-16
950,4.6103e-16
952,4.3988e-16
954,4.3806e-16
956,4.4383e-16
958,5.4979e-16
960,9.1312e-16
962,1.0348e-15
964,1.0471e-15
966,1.0835e-15
968,8.3342e-16
970,6.8338e-16
972,6.8911e-16
974,8.8112e-16
976,9.8098e-16
978,9.0171e-16
980,1.0462e-15
982,1.7636e-15
984,2.8034e-15
986,3.617e-15
988,3.187e-15
990,3.7218e-15
992,4.5301e-15
994,3.0032e-15
996,2.0345e-15
998,1.5823e-15
1000,1.1381e-15
1002,1.1492e-15
1004,9.552e-16
1006,8.0858e-16
1008,6.9187e-16
1010,5.9421e-16
1012,6.4189e-16
1014,7.9169e-16
1016,8.9895e-16
1018,1.0293e-15
1020,1.0579e-15
1022,1.0251e-15
1024,1.07e-15
1026,1.0509e-15
1028,1.1844e-15
1030,1.4121e-15
1032,1.4312e-15
1034,1.2641e-15
1036,1.2352e-15
1038,1.277e-15
1040,1.345e-15
1042,1.4729e-15
1044,1.5598e-15
1046,1.7186e-15
1048,2.0798e-15
1050,2.5985e-15
1052,3.5304e-15
1054,4.6669e-15
1056,5.4151e-15
1058,4.9088e-15
1060,3.9534e-15
1062,2.9783e-15
1064,2.3925e-15
1066,2.0601e-15
1068,1.8844e-15
1070,1.7142e-15
1072,1.5566e-15
1074,1.4557e-15
1076,1.3296e-15
1078,1.3247e-15
1080,1.4488e-15
1082,1.2053e-15
1084,1.0958e-15
1086,9.7236e-16
1088,8.9328e-16
1090,8.4554e-16
1092,7.6912e-16
1094,7.0082e-16
1096,6.7437e-16
1098,6.3825e-16
1100,6.0708e-16
1102,5.8e-16
1104,5.6499e-16
1106,5.5009e-16
1108,5.446e-16
1110,5.5747e-16
1112,5.5248e-16
1114,5.4866e-16
1116,5.5542e-16
1118,5.924e-16
1120,7.0581e-16
1122,8.2285e-16
1124,9.5576e-16
1126,1.1722e-15
1128,1.5055e-15
1130,1.8052e-15
1132,2.038e-15
1134,1.9944e-15
1136,1.6169e-15
1138,1.3068e-15
1140,1.142e-15
1142,1.0248e-15
1144,9.5348e-16
1146,9.2944e-16
1148,9.6794e-16
1150,1.0308e-15
1152,1.1382e-15
1154,1.307e-15
1156,1.5361e-15
1158,1.7914e-15
1160,2.1279e-15
1162,2.2603e-15
1164,2.1561e-15
1166,1.9603e-15
1168,1.7321e-15
1170,1.5551e-15
1172,1.3177e-15
1174,1.1175e-15
1176,1.0093e-15
1178,9.6207e-16
1180,9.2575e-16
1182,8.5508e-16
1184,8.4508e-16
1186,8.5677e-16
1188,8.3576e-16
1190,8.1211e-16
1192,7.5805e-16
1194,6.958e-16
1196,6.2522e-16
1198,5.4729e-16
1200,4.9413e-16
1202,4.2631e-16
1204,3.7871e-16
1206,3.3075e-16
1208,3.0924e-16
1210,3.0748e-16
1212,2.7966e-16
1214,2.6742e-16
1216,2.6907e-16
1218,2.4733e-16
1220,2.3006e-16
1222,2.3116e-16
1224,2.4767e-16
1226,2.3366e-16
1228,2.2595e-16
1230,2.1753e-16
1232,2.0276e-16
1234,1.9963e-16
1236,1.8946e-16
1238,1.9287e-16
1240,1.8904e-16
1242,1.8082e-16
1244,1.6851e-16
1246,1.5245e-16
1248,1.4682e-16
1250,1.4266e-16
1252,1.3551e-16
1254,1.3211e-16
1256,1.2696e-16
1258,1.3698e-16
1260,1.8274e-16
1262,1.527e-16
1264,1.2822e-16
1266,1.2106e-16
1268,1.194e-16
1270,1.1871e-16
1272,1.143e-16
1274,1.1116e-16
1276,1.1174e-16
1278,1.0604e-16
1280,1.0816e-16
1282,1.0478e-16
1284,9.9925e-17
1286,1.0138e-16
1288,1.0057e-16
1290,9.581e-17
1292,9.4051e-17
1294,9.2876e-17
1296,9.0759e-17
1298,9.1909e-17
1300,9.3367e-17
1302,9.3802e-17
1304,9.0573e-17
1306,8.6067e-17
1308,8.5618e-17
1310,8.4105e-17
1312,8.4984e-17
1314,8.4232e-17
1316,8.5931e-17
1318,8.4681e-17
1320,8.6816e-17
1322,8.5789e-17
1324,8.8142e-17
1326,8.9255e-17
1328,8.8079e-17
1330,8.4844e-17
1332,8.4324e-17
1334,8.7038e-17
1336,8.6567e-17
1338,8.675e-17
1340,8.911e-17
1342,9.1493e-17
1344,9.3903e-17
1346,8.8558e-17
1348,9.1015e-17
1350,9.1029e-17
1352,8.7614e-17
1354,8.9422e-17
1356,8.83e-17
1358,8.6579e-17
1360,8.6132e-17
1362,8.8979e-17
1364,9.0431e-17
1366,9.1072e-17
1368,9.9733e-17
1370,9.795e-17
1372,1.0225e-16
1374,1.0498e-16
1376,1.0588e-16
1378,1.1194e-16
1380,1.2067e-16
1382,1.1833e-16
1384,1.1905e-16
1386,1.2231e-16
1388,1.2214e-16
1390,1.2405e-16
1392,1.275e-16
1394,1.2951e-16
1396,1.3793e-16
1398,1.6536e-16
1400,1.5589e-16
1402,1.4152e-16
1404,1.4202e-16
1406,1.4037e-16
1408,1.4139e-16
1410,1.4151e-16
1412,1.4052e-16
1414,1.383e-16
1416,1.3602e-16
1418,1.3669e-16
1420,1.4161e-16
1422,1.4442e-16
1424,1.4578e-16
1426,1.4524e-16
1428,1.474e-16
1430,1.4601e-16
1432,1.4068e-16
1434,1.3659e-16
1436,1.3185e-16
1438,1.2757e-16
1440,1.2366e-16
1442,1.1956e-16
1444,1.1907e-16
1446,1.1748e-16
1448,1.1798e-16
1450,1.1869e-16
1452,1.1565e-16
1454,1.1689e-16
1456,1.1919e-16
1458,1.1792e-16
1460,1.1865e-16
1462,1.1497e-16
1464,1.1026e-16
1466,1.1033e-16
1468,1.1064e-16
1470,1.1118e-16
1472,1.0707e-16
1474,1.0666e-16
1476,1.0516e-16
1478,1.0178e-16
1480,1.0076e-16
1482,1.0243e-16
1484,9.935e-17
1486,9.6502e-17
1488,9.832e-17
1490,9.3524e-17
1492,9.2526e-17
1494,9.6074e-17
1496,9.3688e-17
1498,9.8085e-17
1500,1.246e-16
1502,1.0656e-16
1504,9.2068e-17
1506,8.6466e-17
1508,8.9164e-17
1510,8.8352e-17
1512,8.7243e-17
1514,9.0568e-17
1516,9.2474e-17
1518,8.9558e-17
1520,9.0447e-17
1522,8.7853e-17
1524,8.7881e-17
1526,8.8365e-17
1528,8.7429e-17
1530,8.6028e-17
1532,8.2742e-17
1534,8.0271e-17
1536,8.283e-17
1538,8.2412e-17
1540,8.1586e-17
1542,8.0717e-17
1544,7.8837e-17
1546,7.8441e-17
1548,7.93e-17
1550,7.4561e-17
1552,7.4566e-17
1554,7.5145e-17
1556,7.5644e-17
1558,7.7416e-17
1560,7.8619e-17
1562,7.3988e-17
1564,7.431e-17
1566,7.5232e-17
1568,7.6077e-17
1570,8.0027e-17
1572,1.0262e-16
1574,1.1572e-16
1576,8.5762e-17
1578,9.197e-17
1580,1.0685e-16
1582,1.3445e-16
1584,1.4457e-16
1586,1.237e-16
1588,1.0366e-16
1590,9.0746e-17
1592,8.4151e-17
1594,7.7573e-17
1596,7.5615e-17
1598,7.5452e-17
1600,7.668e-17
1604,7.483e-17
1608,7.2343e-17
1612,7.3113e-17
1616,7.3515e-17
1620,7.6967e-17
1624,7.629e-17
1628,7.8963e-17
1632,7.8583e-17
1636,8.1368e-17
1640,8.8353e-17
1644,9.2792e-17
1648,1.0066e-16
1652,1.1759e-16
1656,1.6487e-16
1660,2.3738e-16
1664,2.67e-16
1668,1.8385e-16
1672,1.1201e-16
1676,8.9821e-17
1680,8.1583e-17
1684,8.1599e-17
1688,8.1003e-17
1692,7.8583e-17
1696,1.0367e-16
1700,1.1734e-16
1704,8.0254e-17
1708,7.6762e-17
1712,7.9324e-17
1716,8.0527e-17
1720,7.5244e-17
1724,7.7157e-17
1728,7.7635e-17
1732,7.3608e-17
1736,8.1211e-17
1740,8.9785e-17
1744,9.0141e-17
1748,1.0891e-16
1752,1.0895e-16
1756,1.2299e-16
1760,1.775e-16
1764,2.4941e-16
1768,2.3598e-16
1772,1.5805e-16
1776,1.2369e-16
1780,1.0868e-16
1784,1.0158e-16
1788,9.4747e-17
1792,9.9814e-17
1796,9.8845e-17
1800,9.2017e-17
1804,9.1152e-17
1808,9.3758e-17
1812,9.8966e-17
1816,9.5697e-17
1820,9.3404e-17
1824,9.1887e-17
1828,9.1273e-17
1832,8.9836e-17
1836,8.4463e-17
1840,8.4503e-17
1844,8.7693e-17
1848,8.6142e-17
1852,8.655e-17
1856,9.4772e-17
1860,1.1595e-16
1864,1.116e-16
1868,1.0559e-16
1872,9.8391e-17
1876,9.0315e-17
1880,9.1689e-17
1884,9.6327e-17
1888,9.4732e-17
1892,1.0166e-16
1896,9.9325e-17
1900,9.1994e-17
1904,9.4202e-17
1908,9.7156e-17
1912,9.9567e-17
1916,9.9267e-17
1920,1.0215e-16
1924,1.0904e-16
1928,1.0005e-16
1932,1.0182e-16
1936,1.0508e-16
1940,1.0785e-16
1944,1.0562e-16
1948,1.0474e-16
1952,1.1208e-16
1956,1.1724e-16
1960,1.1158e-16
1964,1.036e-16
1968,1.025e-16
1972,1.0718e-16
1976,1.0379e-16
1980,9.7345e-17
1984,9.6734e-17
1988,9.6776e-17
1992,9.5993e-17
1996,9.6028e-17
2000,9.7608e-17
2004,1.0272e-16
2008,1.0975e-16
2012,1.1721e-16
2016,1.3272e-16
2020,1.7273e-16
2024,2.5291e-16
2028,3.0759e-16
2032,2.8341e-16
2036,2.0313e-16
2040,1.5244e-16
2044,1.2932e-16
2048,1.1382e-16
2052,1.1036e-16
2056,1.114e-16
2060,1.0865e-16
2064,1.0326e-16
2068,1.0098e-16
2072,9.6513e-17
2076,9.9375e-17
2080,1.0068e-16
2084,9.6489e-17
2088,9.9722e-17
2092,1.0088e-16
2096,1.0884e-16
2100,1.0819e-16
2104,9.6979e-17
2108,9.579e-17
2112,9.9473e-17
2116,1.0847e-16
2120,1.0849e-16
2124,1.0084e-16
2128,8.9208e-17
2132,8.4784e-17
2136,8.8792e-17
2140,8.6999e-17
2144,8.8814e-17
2148,9.0192e-17
2152,8.4766e-17
2156,8.1381e-17
2160,8.4446e-17
2164,8.5973e-17
2168,8.5959e-17
2172,8.5474e-17
2176,8.2962e-17
2180,8.3947e-17
2184,8.6582e-17
2188,8.628e-17
2192,8.3614e-17
2196,8.5338e-17
2200,8.1824e-17
2204,7.8135e-17
2208,8.3425e-17
2212,8.3893e-17
2216,8.8424e-17
2220,8.7865e-17
2224,7.8879e-17
2228,8.184e-17
2232,8.5206e-17
2236,8.3676e-17
2240,8.0243e-17
2244,8.4538e-17
2248,8.5778e-17
2252,8.3723e-17
2256,8.6984e-17
2260,8.7221e-17
2264,8.5172e-17
2268,8.9168e-17
2272,9.7544e-17
2276,9.1551e-17
2280,8.5227e-17
2284,8.8538e-17
2288,9.1089e-17
2292,8.9571e-17
2296,9.0397e-17
2300,9.1756e-17
2304,9.2163e-17
2308,1.008e-16
2312,1.0018e-16
2316,9.4816e-17
2320,9.282e-17
2324,9.0584e-17
2328,8.9956e-17
2332,8.5718e-17
2336,8.7059e-17
2340,8.8494e-17
2344,8.472e-17
2348,8.7641e-17
2352,8.8536e-17
2356,9.1321e-17
2360,9.2364e-17
2364,9.0411e-17
2368,9.2822e-17
2372,1.0005e-16
2376,9.9129e-17
2380,9.3987e-17
2384,9.7443e-17
2388,9.7378e-17
2392,1.0014e-16
2396,1.0166e-16
2400,1.0409e-16
2404,1.0514e-16
2408,1.0825e-16
2412,1.0379e-16
2416,1.0014e-16
2420,9.8844e-17
2424,9.6808e-17
2428,9.7261e-17
2432,9.8157e-17
2436,1.0354e-16
2440,1.1906e-16
2444,1.138e-16
2448,1.0661e-16
2452,1.0426e-16
2456,9.7146e-17
2460,9.7047e-17
2464,1.009e-16
2468,1.0181e-16
2472,1.0665e-16
2476,1.0529e-16
2480,1.0902e-16
2484,1.0873e-16
2488,1.0221e-16
2492,1.0727e-16
2496,1.1197e-16
2500,1.0838e-16
2504,1.1255e-16
2508,1.1672e-16
2512,1.2252e-16
2516,1.1657e-16
2520,1.1301e-16
2524,1.188e-16
2528,1.1298e-16
2532,1.1178e-16
2536,1.19e-16
2540,1.1622e-16
2544,1.1575e-16
2548,1.251e-16
2552,1.2129e-16
2556,1.148e-16
2560,1.2116e-16
2564,1.2191e-16
2568,1.1528e-16
2572,1.1507e-16
2576,1.2047e-16
2580,1.2266e-16
2584,1.222e-16
2588,1.2479e-16
2592,1.2355e-16
2596,1.2803e-16
2600,1.2875e-16
2604,1.3117e-16
2608,1.3357e-16
2612,1.4166e-16
2616,1.4923e-16
2620,1.5181e-16
2624,1.5745e-16
2628,1.6121e-16
2632,1.7322e-16
2636,1.825e-16
2640,1.8773e-16
2644,1.9752e-16
2648,2.1514e-16
2652,2.2917e-16
2656,2.3049e-16
2660,2.5604e-16
2664,2.6097e-16
2668,2.6065e-16
2672,2.433e-16
2676,2.2941e-16
2680,2.1399e-16
2684,2.2521e-16
2688,2.2699e-16
2692,2.0844e-16
2696,2.0479e-16
2700,1.9834e-16
2704,1.9252e-16
2708,1.9284e-16
2712,1.9234e-16
2716,1.8203e-16
2720,1.8472e-16
2724,1.7737e-16
2728,1.7774e-16
2732,1.8935e-16
2736,1.9255e-16
2740,1.8763e-16
2744,1.9e-16
2748,2.0288e-16
2752,1.9615e-16
2756,2.0402e-16
2760,2.0365e-16
2764,2.0887e-16
2768,2.0322e-16
2772,2.0348e-16
2776,1.9778e-16
2780,2.0181e-16
2784,2.0162e-16
2788,2.0481e-16
2792,2.0393e-16
2796,2.1327e-16
2800,2.2231e-16
2804,2.1518e-16
2808,2.233e-16
2812,2.2162e-16
2816,2.2145e-16
2820,2.2743e-16
2824,2.2107e-16
2828,2.1498e-16
2832,2.0302e-16
2836,1.9031e-16
2840,1.8491e-16
2844,1.7737e-16
2848,1.7364e-16
2852,1.8578e-16
2856,2.1482e-16
2860,4.1681e-16
2864,4.3091e-16
2868,2.3409e-16
2872,2.1788e-16
2876,2.1847e-16
2880,2.3041e-16
2884,2.2582e-16
2888,2.1785e-16
2892,2.2753e-16
2896,2.2904e-16
2900,2.2593e-16
2904,2.2558e-16
2908,2.2581e-16
2912,2.2761e-16
2916,2.1886e-16
2920,2.1953e-16
2924,2.1177e-16
2928,2.0262e-16
2932,1.9368e-16
2936,1.9168e-16
2940,1.9503e-16
2944,2.0383e-16
2948,2.1441e-16
2952,2.1393e-16
2956,2.2043e-16
2960,2.3105e-16
2964,2.3255e-16
2968,2.3852e-16
2972,2.5347e-16
2976,2.7383e-16
2980,2.7801e-16
2984,2.5724e-16
2988,2.5025e-16
2992,2.4782e-16
2996,2.4277e-16
3000,2.4562e-16
3004,2.4795e-16
3008,2.5999e-16
3012,2.5322e-16
3016,2.607e-16
3020,2.6786e-16
3024,2.7041e-16
3028,2.7427e-16
3032,2.8233e-16
3036,2.994e-16
3040,3.1821e-16
3044,3.338e-16
3048,3.5095e-16
3052,3.4801e-16
3056,3.4953e-16
3060,3.3381e-16
3064,3.2485e-16
3068,3.1795e-16
3072,2.9224e-16
3076,2.8927e-16
3080,2.8907e-16
3084,2.7254e-16
3088,2.7661e-16
3092,2.7538e-16
3096,2.7459e-16
3100,2.5794e-16
3104,2.4992e-16
3108,2.6264e-16
3112,2.5121e-16
3116,2.4752e-16
3120,2.5162e-16
3124,2.556e-16
3128,2.665e-16
3132,2.5542e-16
3136,2.5244e-16
3140,2.715e-16
3144,2.7109e-16
3148,2.7185e-16
3152,2.619e-16
3156,2.4305e-16
3160,2.3483e-16
3164,2.2384e-16
3168,2.0331e-16
3172,2.0047e-16
3176,1.8008e-16
3180,1.7662e-16
3184,1.7813e-16
3188,1.6938e-16
3192,1.7154e-16
3196,1.8067e-16
3200,1.8004e-16
3232,1.6183e-16
3264,1.7483e-16
3296,1.7935e-16
3328,1.8195e-16
3360,2.8541e-16
3392,2.5852e-16
3424,1.9352e-16
3456,1.9201e-16
3488,1.7851e-16
3520,2.048e-16
3552,1.9599e-16
3584,1.9028e-16
3616,2.6011e-16
3648,2.2682e-16
3680,1.797e-16
3712,1.7672e-16
3744,1.6633e-16
3776,1.635e-16
3808,1.673e-16
3840,1.7247e-16
3872,1.8317e-16
3904,1.8901e-16
3936,2.114e-16
3968,2.4003e-16
4000,2.2351e-16
4032,2.3475e-16
4064,2.3291e-16
4096,2.1542e-16
4128,2.3672e-16
4160,2.0646e-16
4192,2.4674e-16
4224,2.964e-16
4256,2.2365e-16
4288,2.1679e-16
4320,2.2121e-16
4352,2.9709e-16
4384,3.6991e-16
4416,2.5984e-16
4448,2.3462e-16
4480,2.3386e-16
4512,2.7833e-16
4544,3.6428e-16
4576,3.2131e-16
4608,3.7348e-16
4640,4.1398e-16
4672,3.4607e-16
4704,3.0549e-16
4736,2.7166e-16
4768,2.5771e-16
4800,2.7399e-16
4832,2.8869e-16
4864,2.7749e-16
4896,2.833e-16
4928,3.1408e-16
4960,4.6028e-16
4992,4.0125e-16
5024,2.979e-16
5056,2.8753e-16
5088,3.1178e-16
5120,3.3767e-16
5152,3.6482e-16
5184,3.5692e-16
5216,3.2368e-16
5248,2.8864e-16
5280,2.6778e-16
5312,2.6836e-16
5344,2.8017e-16
5376,2.8482e-16
5408,2.8802e-16
5440,2.7922e-16
5472,2.8907e-16
5504,3.1069e-16
5536,3.2022e-16
5568,3.163e-16
5600,3.304e-16
5632,3.5387e-16
5664,3.578e-16
5696,3.5997e-16
5728,3.9031e-16
5760,3.9842e-16
5792,3.7547e-16
5824,3.7119e-16
5856,3.8495e-16
5888,4.1696e-16
5920,4.8653e-16
5952,6.082e-16
5984,8.2661e-16
6016,8.9687e-16
6048,6.2213e-16
6080,4.5471e-16
6112,3.9703e-16
6144,3.7177e-16
6176,3.6755e-16
6208,3.8028e-16
6240,3.8752e-16
6272,3.7195e-16
6304,3.8056e-16
6336,4.2394e-16
6368,4.3886e-16
6400,3.9634e-16
6432,3.5289e-16
6464,3.3045e-16
6496,3.2599e-16
6528,3.4654e-16
6560,4.1293e-16
6592,4.0839e-16
6624,3.6539e-16
6656,3.6696e-16
6688,4.1646e-16
6720,4.1571e-16
6752,4.0901e-16
6784,4.0891e-16
6816,3.9292e-16
6848,3.8725e-16
6880,3.7242e-16
6912,3.6264e-16
6944,3.9407e-16
6976,4.4869e-16
7008,4.2443e-16
7040,3.9245e-16
7072,4.0536e-16
7104,3.7639e-16
7136,3.8476e-16
7168,3.9059e-16
7200,3.9705e-16
7232,4.4578e-16
7264,4.5408e-16
7296,4.0725e-16
7328,3.9377e-16
7360,4.014e-16
7392,4.194e-16
7424,4.2718e-16
7456,4.1604e-16
7488,4.3857e-16
7520,4.7859e-16
7552,4.957e-16
7584,4.7635e-16
7616,4.6568e-16
7648,4.6644e-16
7680,4.6922e-16
7712,4.4321e-16
7744,4.4272e-16
7776,4.4317e-16
7808,4.6014e-16
7840,4.8664e-16
7872,4.9541e-16
7904,5.2067e-16
7936,5.4964e-16
7968,5.1185e-16
8000,4.7526e-16
8032,4.9035e-16
8064,5.1078e-16
8096,5.4959e-16
8128,5.2248e-16
8160,5.2135e-16
8192,5.254e-16
8224,6.1914e-16
8256,7.9426e-16
8288,6.4072e-16
8320,6.1351e-16
8352,6.2245e-16
8384,6.4321e-16
8416,6.9196e-16
8448,7.1475e-16
8480,7.796e-16
8512,8.694e-16
8544,9.1998e-16
8576,1.0071e-15
8608,1.2197e-15
8640,1.8002e-15
8672,2.2834e-15
8704,1.5351e-15
8736,7.3368e-16
8768,4.2939e-16
8800,4.1736e-16
8832,5.2806e-16
8864,5.7711e-16
8896,5.4942e-16
8928,5.4642e-16
8960,5.4402e-16
8992,5.9395e-16
9024,6.5395e-16
9056,7.0685e-16
9088,8.44e-16
9120,8.4221e-16
9152,8.2766e-16
9184,8.9163e-16
9216,9.9274e-16
9248,1.1179e-15
9280,1.2082e-15
9312,9.4995e-16
9344,7.6846e-16
9376,8.7375e-16
9408,9.9392e-16
9440,1.1242e-15
9472,1.2949e-15
9504,1.5411e-15
9536,1.7981e-15
9568,2.0937e-15
9600,2.5626e-15
9632,3.0052e-15
9664,4.6857e-15
9696,9.0738e-15
9728,1.2212e-14
9760,9.3311e-15
9792,5.0391e-15
9824,3.416e-15
9856,2.7008e-15
9888,2.1373e-15
9920,1.7408e-15
9952,1.4589e-15
9984,1.2304e-15
10016,1.0212e-15
10048,8.8494e-16
10080,8.0509e-16
10112,7.0234e-16
10144,6.5775e-16
10176,6.11e-16
10208,5.5333e-16
10240,4.9636e-16
10272,4.6143e-16
10304,4.2997e-16
10336,4.1879e-16
10368,4.5387e-16
10400,4.0573e-16
10432,3.4341e-16
10464,3.119e-16
10496,2.9308e-16
10528,2.9472e-16
10560,4.0197e-16
10592,4.8668e-16
10624,3.9557e-16
10656,2.9653e-16
10688,2.5561e-16
10720,2.4152e-16
10752,2.4315e-16
10784,2.526e-16
10816,2.3461e-16
10848,2.0511e-16
10880,1.8689e-16
10912,1.9069e-16
10944,2.1812e-16
10976,2.1541e-16
11008,1.831e-16
11040,1.8552e-16
11072,2.126e-16
11104,2.7114e-16
11136,3.5284e-16
11168,5.1006e-16
11200,7.0936e-16
11232,8.5834e-16
11264,7.5953e-16
11296,6.0419e-16
11328,4.75e-16
11360,3.4589e-16
11392,3.5993e-16
11424,4.0044e-16
11456,3.4422e-16
11488,2.5982e-16
11520,2.3576e-16
11552,2.5336e-16
11584,2.8238e-16
11616,3.0884e-16
11648,3.2345e-16
11680,4.1767e-16
11712,7.8817e-16
11744,8.363e-16
11776,6.4698e-16
11808,8.3442e-16
11840,1.3793e-15
11872,2.3295e-15
11904,2.9323e-15
11936,2.1826e-15
11968,1.2634e-15
12000,6.835e-16
12032,4.6669e-16
12064,3.776e-16
12096,2.6953e-16
12128,2.6052e-16
12160,3.6664e-16
12192,3.1763e-16
12224,2.1077e-16
12256,1.9179e-16
12288,2.2564e-16
12320,3.1992e-16
12352,6.297e-16
12384,1.0362e-15
12416,8.1559e-16
12448,4.0731e-16
12480,2.8655e-16
12512,2.4457e-16
12544,2.2283e-16
12576,1.9976e-16
12608,1.9856e-16
12640,2.3819e-16
12672,3.0242e-16
12704,2.4553e-16
12736,2.009e-16
12768,2.2565e-16
12800,3.0027e-16
12832,4.1137e-16
12864,3.964e-16
12896,3.261e-16
12928,2.9038e-16
12960,1.622e-16
12992,9.6507e-17
13024,7.8203e-17
13056,7.0419e-17
13088,6.7638e-17
13120,6.601e-17
13152,6.7088e-17
13184,7.2343e-17
13216,9.0123e-17
13248,1.1366e-16
13280,1.0917e-16
13312,1.0057e-16
13344,1.054e-16
13376,9.5821e-17
13408,8.4925e-17
13440,8.4621e-17
13472,8.8996e-17
13504,9.6422e-17
13536,1.3424e-16
13568,1.5395e-16
13600,1.2463e-16
13632,1.325e-16
13664,1.4385e-16
13696,1.1226e-16
13728,1.0538e-16
13760,1.8305e-16
13792,2.6087e-16
13824,2.5538e-16
13856,3.5004e-16
13888,2.2062e-16
13920,1.1452e-16
13952,1.1429e-16
13984,1.3243e-16
14016,9.8144e-17
14048,8.4718e-17
14080,7.7997e-17
14112,7.7843e-17
14144,8.4545e-17
14176,8.7034e-17
14208,7.9483e-17
14240,7.5717e-17
14272,8.2302e-17
14304,8.0845e-17
14336,7.7185e-17
14368,7.6824e-17
14400,7.6748e-17
14432,8.6081e-17
14464,8.9179e-17
14496,8.2273e-17
14528,7.6794e-17
14560,7.5185e-17
14592,7.8288e-17
14624,7.9703e-17
14656,8.1948e-17
14688,8.1398e-17
14720,8.0294e-17
14752,8.3423e-17
14784,8.5635e-17
14816,9.1454e-17
14848,8.8753e-17
14880,9.1518e-17
14912,8.9994e-17
14944,8.0609e-17
14976,8.3113e-17
15008,8.7848e-17
15040,9.2334e-17
15072,9.1438e-17
15104,9.2341e-17
15136,9.7075e-17
15168,1.0558e-16
15200,1.1322e-16
15232,1.1818e-16
15264,1.2436e-16
15296,1.2005e-16
15328,1.04e-16
15360,9.6863e-17
15392,1.0077e-16
15424,1.0962e-16
15456,1.0923e-16
15488,1.0422e-16
15520,1.0059e-16
15552,9.6466e-17
15584,9.9723e-17
15616,1.0816e-16
15648,1.2053e-16
15680,1.2196e-16
15712,1.0586e-16
15744,1.0641e-16
15776,1.0147e-16
15808,8.7975e-17
15840,8.7577e-17
15872,8.6523e-17
15904,8.545e-17
15936,8.3736e-17
15968,8.5401e-17
16000,9.1882e-17
16032,9.2647e-17
16064,9.3929e-17
16096,9.5011e-17
16128,9.1965e-17
16160,8.5917e-17
16192,8.6646e-17
16224,8.8069e-17
16256,9.0284e-17
16288,9.1511e-17
16320,8.9967e-17
16352,9.2195e-17
16384,9.3508e-17
16416,9.0322e-17
16448,8.7156e-17
16480,8.7854e-17
16512,9.2207e-17
16544,9.9131e-17
16576,9.437e-17
16608,9.0193e-17
16640,8.838e-17
16672,8.925e-17
16704,8.9273e-17
16736,9.0949e-17
16768,9.2123e-17
16800,9.2663e-17
16832,9.4096e-17
16864,9.7911e-17
16896,9.4723e-17
16928,9.3042e-17
16960,9.6622e-17
16992,9.87e-17
17024,9.7039e-17
17056,9.4595e-17
17088,9.3988e-17
17120,9.6828e-17
17152,9.8011e-17
17184,9.6142e-17
17216,9.9644e-17
17248,1.0344e-16
17280,9.8278e-17
17312,9.7384e-17
17344,9.7666e-17
17376,9.8647e-17
17408,1.0024e-16
17440,1.0269e-16
17472,1.0347e-16
17504,1.0539e-16
17536,1.0362e-16
17568,1.038e-16
17600,1.0269e-16
17632,1.0196e-16
17664,1.06e-16
17696,1.0489e-16
17728,1.0652e-16
17760,1.0441e-16
17792,1.0501e-16
17824,1.0663e-16
17856,1.0794e-16
17888,1.0745e-16
17920,1.0631e-16
17952,1.0928e-16
17984,1.0904e-16
18016,1.0861e-16
18048,1.1072e-16
18080,1.1394e-16
18112,1.1224e-16
18144,1.0811e-16
18176,1.0859e-16
18208,1.1016e-16
18240,1.1022e-16
18272,1.1494e-16
18304,1.1523e-16
18336,1.1262e-16
18368,1.1766e-16
18400,1.1911e-16
18432,1.1666e-16
18464,1.1694e-16
18496,1.1807e-16
18528,1.1635e-16
18560,1.1594e-16
18592,1.1839e-16
18624,1.1619e-16
18656,1.1974e-16
18688,1.199e-16
18720,1.2074e-16
18752,1.2367e-16
18784,1.268e-16
18816,1.2366e-16
18848,1.2238e-16
18880,1.2445e-16
18912,1.276e-16
18944,1.276e-16
18976,1.2562e-16
19008,1.2707e-16
19040,1.3114e-16
19072,1.3213e-16
19104,1.3191e-16
19136,1.3162e-16
19168,1.3082e-16
19200,1.359e-16
19232,1.4031e-16
19264,1.4019e-16
19296,1.3349e-16
19328,1.3758e-16
19360,1.3619e-16
19392,1.367e-16
19424,1.3591e-16
19456,1.3512e-16
19488,1.3699e-16
19520,1.3917e-16
19552,1.3882e-16
19584,1.424e-16
19616,1.4061e-16
19648,1.3656e-16
19680,1.3794e-16
19712,1.4152e-16
19744,1.4346e-16
19776,1.4707e-16
19808,1.445e-16
19840,1.4593e-16
19872,1.45e-16
19904,1.4619e-16
19936,1.4657e-16
19968,1.575e-16
20000,1.8971e-16
20032,1.5844e-16
20064,1.4932e-16
20096,1.5525e-16
20128,1.5526e-16
20160,1.5664e-16
20192,1.524e-16
20224,1.5208e-16
20256,1.5221e-16
20288,1.5082e-16
20320,1.5392e-16
20352,1.5673e-16
20384,1.5688e-16
20416,1.5583e-16
20448,1.5835e-16
20480,1.557e-16
20512,1.583e-16
20544,1.5918e-16
20576,1.6327e-16
20608,1.6521e-16
20640,1.6703e-16
20672,1.6604e-16
20704,1.6394e-16
20736,1.6423e-16
20768,1.6418e-16
20800,1.6105e-16
20832,1.628e-16
20864,1.6465e-16
20896,1.6385e-16
20928,1.6488e-16
20960,1.6459e-16
20992,1.6103e-16
21024,1.6421e-16
21056,1.6871e-16
21088,1.6744e-16
21120,1.6793e-16
21152,1.6903e-16
21184,1.6762e-16
21216,1.6865e-16
21248,1.7581e-16
21280,1.7785e-16
21312,1.732e-16
21344,1.7543e-16
21376,1.7554e-16
21408,1.8342e-16
21440,1.9497e-16
21472,1.9719e-16
21504,1.8589e-16
21536,1.7527e-16
21568,1.7737e-16
21600,1.7516e-16
21632,1.7579e-16
21664,1.7531e-16
21696,1.7399e-16
21728,1.7724e-16
21760,1.7952e-16
21792,1.7596e-16
21824,1.7487e-16
21856,1.7599e-16
21888,1.7858e-16
21920,1.8082e-16
21952,1.783e-16
21984,1.7847e-16
22016,1.7724e-16
22048,1.782e-16
22080,1.7626e-16
22112,1.8211e-16
22144,1.7654e-16
22176,1.7563e-16
22208,1.7861e-16
22240,1.8289e-16
22272,1.8117e-16
22304,1.7696e-16
22336,1.7434e-16
22368,1.7743e-16
22400,1.7788e-16
22432,1.8263e-16
22464,1.8234e-16
22496,1.8224e-16
22528,1.803e-16
22560,1.7785e-16
22592,1.7908e-16
22624,1.8183e-16
22656,1.8433e-16
22688,1.8609e-16
22720,1.8833e-16
22752,1.847e-16
22784,1.8074e-16
22816,1.8e-16
22848,1.8491e-16
22880,1.8632e-16
22912,1.7918e-16
22944,1.8054e-16
22976,1.7484e-16
23008,1.7712e-16
23040,1.8484e-16
23072,1.859e-16
23104,1.7853e-16
23136,1.7707e-16
23168,1.7915e-16
23200,1.8004e-16
23232,1.8359e-16
23264,1.8555e-16
23296,1.8302e-16
23328,1.7924e-16
23360,1.8104e-16
23392,1.8044e-16
23424,1.7992e-16
23456,1.7972e-16
23488,1.8056e-16
23520,1.7832e-16
23552,1.8375e-16
23584,1.8345e-16
23616,1.819e-16
23648,1.8031e-16
23680,1.8066e-16
23712,1.7629e-16
23744,1.767e-16
23776,1.7661e-16
23808,1.7477e-16
23840,1.7772e-16
23872,1.7499e-16
23904,1.745e-16
23936,1.7664e-16
23968,1.7677e-16
24000,1.7983e-16
24032,1.8105e-16
24064,1.7756e-16
24096,1.7703e-16
24128,1.7531e-16
24160,1.7111e-16
24192,1.727e-16
24224,1.7395e-16
24256,1.7163e-16
24288,1.6966e-16
24320,1.7457e-16
24352,1.7197e-16
24384,1.7553e-16
24416,1.7433e-16
24448,1.691e-16
24480,1.6735e-16
24512,1.7212e-16
24544,1.7325e-16
24576,1.7019e-16
24608,1.6852e-16
24640,1.6523e-16
24672,1.6378e-16
24704,1.6823e-16
24736,1.7236e-16
24768,1.7021e-16
24800,1.6739e-16
24832,1.6487e-16
24864,1.6734e-16
24896,1.6823e-16
24928,1.6676e-16
24960,1.6517e-16
24992,1.6405e-16
25024,1.6477e-16
25056,1.666e-16
25088,1.6724e-16
25120,1.6724e-16
25152,1.6347e-16
25184,1.6371e-16
25216,1.6173e-16
25248,1.602e-16
25280,1.5962e-16
25312,1.6017e-16
25344,1.6144e-16
25376,1.6408e-16
25408,1.6398e-16
25440,1.6176e-16
25472,1.5862e-16
25504,1.6139e-16
25536,1.6222e-16
25568,1.6278e-16
25600,1.5949e-16
25728,1.7267e-16
25856,1.7784e-16
25984,1.7631e-16
26112,1.7498e-16
26240,1.736e-16
26368,1.8338e-16
26496,1.8067e-16
26624,1.7036e-16
26752,1.691e-16
26880,1.6547e-16
27008,1.6414e-16
27136,1.6664e-16
27264,1.667e-16
27392,1.6617e-16
27520,1.6838e-16
27648,1.7084e-16
27776,1.7391e-16
27904,1.6561e-16
28032,1.5949e-16
28160,1.6139e-16
28288,1.5278e-16
28416,1.5379e-16
28544,1.5583e-16
28672,1.5247e-16
28800,1.4935e-16
28928,1.5586e-16
29056,1.5563e-16
29184,1.4415e-16
29312,1.4327e-16
29440,1.4468e-16
29568,1.6716e-16
29696,1.7526e-16
29824,1.8731e-16
29952,2.9303e-16
30080,2.5865e-16
30208,1.9203e-16
30336,1.6103e-16
30464,1.437e-16
30592,1.721e-16
30720,2.0982e-16
30848,1.8079e-16
30976,1.9111e-16
31104,1.7564e-16
31232,1.585e-16
31360,1.5176e-16
31488,1.4197e-16
31616,1.5631e-16
31744,1.6039e-16
31872,1.4099e-16
32000,1.3433e-16
32128,1.381e-16
32256,1.55e-16
32384,1.6914e-16
32512,1.5585e-16
32640,1.5324e-16
32768,1.5742e-16
32896,1.6164e-16
33024,1.5501e-16
33152,1.4886e-16
33280,1.3867e-16
33408,1.3173e-16
33536,1.3407e-16
33664,1.3166e-16
33792,1.2918e-16
33920,1.26e-16
34048,1.2333e-16
34176,1.2407e-16
34304,1.253e-16
34432,1.2273e-16
34560,1.1959e-16
34688,1.211e-16
34816,1.2206e-16
34944,1.2107e-16
35072,1.2552e-16
35200,1.2449e-16
35328,1.2264e-16
35456,1.1823e-16
35584,1.1723e-16
35712,1.1787e-16
35840,1.1999e-16
35968,1.2064e-16
36096,1.1781e-16
36224,1.1339e-16
36352,1.1456e-16
36480,1.1495e-16
36608,1.1548e-16
36736,1.2087e-16
36864,1.1936e-16
36992,1.1872e-16
37120,1.1557e-16
37248,1.1361e-16
37376,1.1414e-16
37504,1.1251e-16
37632,1.1504e-16
37760,1.1367e-16
37888,1.1427e-16
38016,1.1482e-16
38144,1.1592e-16
38272,1.1302e-16
38400,1.1435e-16
38528,1.1673e-16
38656,1.1187e-16
38784,1.1137e-16
38912,1.1624e-16
39040,1.1225e-16
39168,1.1042e-16
39296,1.1192e-16
39424,1.1114e-16
39552,1.1247e-16
39680,1.1414e-16
39808,1.142e-16
39936,1.1779e-16
40064,1.2051e-16
40192,1.2243e-16
40320,1.5635e-16
40448,2.2121e-16
40576,2.0793e-16
40704,1.4048e-16
40832,1.2007e-16
40960,1.1336e-16
41088,1.1251e-16
41216,1.1518e-16
41344,1.1093e-16
41472,1.1098e-16
41600,1.1225e-16
41728,1.1307e-16
41856,1.1255e-16
41984,1.0957e-16
42112,1.0942e-16
42240,1.1308e-16
42368,1.1833e-16
42496,1.2606e-16
42624,1.2363e-16
42752,1.16e-16
42880,1.1298e-16
43008,1.1983e-16
43136,1.1157e-16
43264,1.1123e-16
43392,1.1313e-16
43520,1.1689e-16
43648,1.1514e-16
43776,1.1292e-16
43904,1.1579e-16
44032,1.1676e-16
44160,1.2165e-16
44288,1.2317e-16
44416,1.1676e-16
44544,1.1518e-16
44672,1.1238e-16
44800,1.1032e-16
44928,1.1287e-16
45056,1.1365e-16
45184,1.1159e-16
45312,1.0054e-16
45440,1.0027e-16
45568,1.0225e-16
45696,1.0041e-16
45824,1.0122e-16
45952,1.0243e-16
46080,1.0929e-16
46208,1.1493e-16
46336,1.106e-16
46464,1.0569e-16
46592,1.0392e-16
46720,1.0365e-16
46848,1.0085e-16
46976,1.0126e-16
47104,1.0683e-16
47232,1.1309e-16
47360,1.0657e-16
47488,1.048e-16
47616,1.0373e-16
47744,1.026e-16
47872,1.0722e-16
48000,1.0887e-16
48128,1.0748e-16
48256,1.0498e-16
48384,1.078e-16
48512,1.1027e-16
48640,1.085e-16
48768,1.0422e-16
48896,1.0358e-16
49024,1.0504e-16
49152,1.0528e-16
49280,1.0465e-16
49408,1.0564e-16
49536,1.0708e-16
49664,1.1031e-16
49792,1.0778e-16
49920,1.0716e-16
50048,1.1076e-16
50176,1.1131e-16
50304,1.1008e-16
50432,1.0736e-16
50560,1.0987e-16
50688,1.0955e-16
50816,1.1019e-16
50944,1.0901e-16
51072,1.0741e-16
51200,1.1118e-16
51328,1.1354e-16
51456,1.1639e-16
51584,1.1225e-16
51712,1.0957e-16
51840,1.1113e-16
51968,1.1039e-16
52096,1.0618e-16
52224,1.0685e-16
52352,1.0789e-16
52480,1.0928e-16
52608,1.068e-16
52736,1.0972e-16
52864,1.0782e-16
52992,1.0951e-16
53120,1.1055e-16
53248,1.112e-16
53376,1.0958e-16
53504,1.1815e-16
53632,1.1878e-16
53760,1.1695e-16
53888,1.1789e-16
54016,1.1549e-16
54144,1.1549e-16
54272,1.1577e-16
54400,1.1225e-16
54528,1.1361e-16
54656,1.1492e-16
54784,1.1189e-16
54912,1.1578e-16
55040,1.1618e-16
55168,1.1339e-16
55296,1.1361e-16
55424,1.1583e-16
55552,1.1745e-16
55680,1.1552e-16
55808,1.1372e-16
55936,1.1474e-16
56064,1.1847e-16
56192,1.756e-16
56320,2.9526e-16
56448,1.859e-16
56576,1.1489e-16
56704,1.1568e-16
56832,1.1492e-16
56960,1.1257e-16
57088,1.1098e-16
57216,1.1239e-16
57344,1.1297e-16
57472,1.117e-16
57600,1.0923e-16
57728,1.1203e-16
57856,1.1561e-16
57984,1.1647e-16
58112,1.1219e-16
58240,1.131e-16
58368,1.1254e-16
58496,1.1338e-16
58624,1.2028e-16
58752,1.1584e-16
58880,1.1039e-16
59008,1.1141e-16
59136,1.1656e-16
59264,1.1989e-16
59392,1.1497e-16
59520,1.1326e-16
59648,1.1763e-16
59776,1.273e-16
59904,1.3173e-16
60032,1.2225e-16
60160,1.2313e-16
60288,1.227e-16
60416,1.1693e-16
60544,1.1662e-16
60672,1.148e-16
60800,1.15e-16
60928,1.1557e-16
61056,1.3809e-16
61184,1.5739e-16
61312,1.2264e-16
61440,1.1489e-16
61568,1.1516e-16
61696,1.1416e-16
61824,1.153e-16
61952,1.1299e-16
62080,1.1808e-16
62208,1.9624e-16
62336,1.7905e-16
62464,1.1455e-16
62592,1.1292e-16
62720,1.1159e-16
62848,1.1486e-16
62976,1.1995e-16
63104,1.1047e-16
63232,1.1098e-16
63360,1.1227e-16
63488,1.1636e-16
63616,1.1594e-16
63744,1.2068e-16
63872,1.2057e-16
64000,1.1832e-16
64128,1.2032e-16
64256,1.1947e-16
64384,1.1367e-16
64512,1.1869e-16
64640,1.215e-16
64768,1.1752e-16
64896,1.169e-16
65024,1.1743e-16
65152,1.2206e-16
65280,1.2302e-16
65408,1.8257e-16
65536,2.922e-16
65664,1.8365e-16
65792,1.4183e-16
65920,1.5357e-16
66048,1.7481e-16
66176,2.9281e-16
66304,2.3459e-16
66432,1.4158e-16
66560,1.3249e-16
66688,1.3028e-16
66816,1.2745e-16
66944,1.2603e-16
67072,1.2961e-16
67200,1.3172e-16
67328,1.3739e-16
67456,1.3787e-16
67584,1.3778e-16
67712,1.3889e-16
67840,1.3603e-16
67968,1.3348e-16
68096,1.3476e-16
68224,1.3618e-16
68352,1.3769e-16
68480,1.4175e-16
68608,1.8602e-16
68736,2.2116e-16
68864,1.5834e-16
68992,1.434e-16
69120,1.4121e-16
69248,1.6922e-16
69376,1.8031e-16
69504,1.4395e-16
69632,1.4386e-16
69760,1.5037e-16
69888,1.7223e-16
70016,1.6305e-16
70144,1.5073e-16
70272,1.5421e-16
70400,1.5536e-16
70528,1.5206e-16
70656,1.5324e-16
70784,1.6454e-16
70912,1.7009e-16
71040,1.7045e-16
71168,1.653e-16
71296,1.5139e-16
71424,1.4721e-16
71552,1.4475e-16
71680,1.4705e-16
71808,1.4512e-16
71936,1.4371e-16
72064,1.4544e-16
72192,1.4013e-16
72320,1.4221e-16
72448,1.376e-16
72576,1.4091e-16
72704,1.45e-16
72832,1.3667e-16
72960,1.4141e-16
73088,1.4198e-16
73216,1.3911e-16
73344,1.3247e-16
73472,1.3382e-16
73600,1.3511e-16
73728,1.3685e-16
73856,1.3821e-16
73984,1.4383e-16
74112,1.4743e-16
74240,1.4128e-16
74368,1.3745e-16
74496,1.4973e-16
74624,1.5489e-16
74752,1.8516e-16
74880,1.7913e-16
75008,1.6026e-16
75136,1.485e-16
75264,1.4344e-16
75392,1.4865e-16
75520,1.5233e-16
75648,1.4624e-16
75776,1.5859e-16
75904,1.6764e-16
76032,1.6577e-16
76160,1.6041e-16
76288,1.6648e-16
76416,1.8072e-16
76544,1.7903e-16
76672,1.673e-16
76800,1.5893e-16
76928,1.5405e-16
77056,1.6797e-16
77184,1.6633e-16
77312,1.6166e-16
77440,1.7052e-16
77568,1.8108e-16
77696,1.7506e-16
77824,1.8044e-16
77952,1.7516e-16
78080,1.5713e-16
78208,1.6298e-16
78336,1.6977e-16
78464,1.8024e-16
78592,2.084e-16
78720,2.2335e-16
78848,1.9956e-16
78976,2.2233e-16
79104,6.121e-16
79232,2.4367e-15
79360,3.1503e-15
79488,1.2322e-15
79616,3.3014e-16
79744,2.5668e-16
79872,2.5803e-16
80000,2.2748e-16
80128,2.0471e-16
80256,2.1055e-16
80384,2.3015e-16
80512,2.1866e-16
80640,2.1335e-16
80768,2.1201e-16
80896,2.3914e-16
81024,2.7051e-16
81152,2.7676e-16
81280,2.5228e-16
81408,2.5051e-16
81536,3.0822e-16
81664,3.4546e-16
81792,3.5402e-16
81920,3.3891e-16
82048,3.6361e-16
82176,3.3376e-16
82304,2.3784e-16
82432,2.1532e-16
82560,2.3432e-16
82688,1.8818e-16
82816,1.8694e-16
82944,1.7371e-16
83072,1.5541e-16
83200,1.4925e-16
83328,1.4384e-16
83456,1.4315e-16
83584,1.4035e-16
83712,1.3712e-16
83840,1.5171e-16
83968,1.5652e-16
84096,1.5731e-16
84224,1.6406e-16
84352,1.6645e-16
84480,1.7752e-16
84608,1.7444e-16
84736,1.7228e-16
84864,1.9665e-16
84992,2.0708e-16
85120,2.0487e-16
85248,1.9383e-16
85376,2.03e-16
85504,2.1994e-16
85632,2.4834e-16
85760,2.5328e-16
85888,2.3637e-16
86016,2.3774e-16
86144,2.5266e-16
86272,2.3125e-16
86400,2.3216e-16
86528,2.6972e-16
86656,2.6771e-16
86784,2.5682e-16
86912,2.4331e-16
87040,2.5071e-16
87168,2.8672e-16
87296,3.2515e-16
87424,3.117e-16
87552,2.5556e-16
87680,2.7786e-16
87808,2.8129e-16
87936,2.8357e-16
88064,2.8645e-16
88192,2.7854e-16
88320,2.9887e-16
88448,3.0147e-16
88576,3.3977e-16
88704,3.2709e-16
88832,2.6476e-16
88960,2.5322e-16
89088,2.7963e-16
89216,2.8321e-16
89344,2.6196e-16
89472,2.2854e-16
89600,2.4057e-16
89728,2.4246e-16
89856,2.4415e-16
89984,2.3319e-16
90112,2.1782e-16
90240,2.1316e-16
90368,2.0905e-16
90496,2.3355e-16
90624,2.2615e-16
90752,2.3676e-16
90880,3.1593e-16
91008,2.6181e-16
91136,2.1412e-16
91264,2.085e-16
91392,2.0531e-16
91520,1.9939e-16
91648,1.9593e-16
91776,1.9124e-16
91904,1.7969e-16
92032,1.7926e-16
92160,1.7887e-16
92288,1.877e-16
92416,1.9353e-16
92544,1.8006e-16
92672,1.6792e-16
92800,1.737e-16
92928,1.9231e-16
93056,1.8193e-16
93184,1.7106e-16
93312,1.648e-16
93440,1.6502e-16
93568,1.6533e-16
93696,1.6619e-16
93824,1.7551e-16
93952,1.8217e-16
94080,1.7567e-16
94208,1.7365e-16
94336,1.9007e-16
94464,1.8977e-16
94592,1.7405e-16
94720,1.7416e-16
94848,1.7954e-16
94976,1.8048e-16
95104,1.7299e-16
95232,1.6712e-16
95360,1.6358e-16
95488,1.6681e-16
95616,1.6781e-16
95744,1.645e-16
95872,1.6165e-16
96000,1.6746e-16
96128,1.6576e-16
96256,1.6754e-16
96384,1.7501e-16
96512,1.7113e-16
96640,1.667e-16
96768,1.7362e-16
96896,1.6985e-16
97024,1.6591e-16
97152,1.6846e-16
97280,1.7014e-16
97408,1.7494e-16
97536,1.7318e-16
97664,1.6717e-16
97792,1.7028e-16
97920,1.7011e-16
98048,1.7014e-16
98176,1.6964e-16
98304,1.671e-16
98432,1.694e-16
98560,1.7201e-16
98688,1.7275e-16
98816,1.7714e-16
98944,1.7442e-16
99072,1.7394e-16
99200,1.7202e-16
99328,1.6931e-16
99456,1.7088e-16
99584,1.7274e-16
99712,1.8458e-16
99840,1.9691e-16
99968,1.9934e-16
1.001e+05,2.1654e-16
1.0022e+05,2.3604e-16
1.0035e+05,2.0869e-16
1.0048e+05,2.052e-16
1.0061e+05,2.1579e-16
1.0074e+05,2.0615e-16
1.0086e+05,1.9305e-16
1.0099e+05,1.9266e-16
1.0112e+05,1.8546e-16
1.0125e+05,1.8607e-16
1.0138e+05,1.8664e-16
1.015e+05,1.8208e-16
1.0163e+05,1.7668e-16
1.0176e+05,1.7977e-16
1.0189e+05,1.8955e-16
1.0202e+05,1.9427e-16
1.0214e+05,1.9163e-16
1.0227e+05,1.9266e-16
1.024e+05,1.8694e-16
