   0.80000      8.28718      1.52015
   0.96090      6.97594      1.39609
   1.15416      5.96299      1.41418
   1.38629      5.00925      1.38427
   1.66511      4.05131      1.35402
   2.00000      3.65986      1.37982
   2.40225      3.04774      1.27622
   2.88540      2.55376      1.19623
   3.46572      2.26293      1.16661
   4.16277      1.97082      1.07083
   5.00000      1.73932      0.98115
   5.26430      1.68965      0.94813
   5.96885      1.59301      0.90075
   6.76769      1.45592      0.83063
   7.67344      1.35844      0.74862
   8.70042      1.31921      0.69312
   9.86485      1.27153      0.63244
  11.18511      1.23437      0.57698
  12.68208      1.17866      0.50312
  14.37939      1.16051      0.44738
  16.30386      1.11687      0.41092
  18.48590      1.10216      0.36858
  20.95997      1.08191      0.31275
  23.76515      1.06943      0.28564
  26.94577      1.06394      0.24479
  30.55207      1.05457      0.22122
  34.64102      1.04723      0.19867
  39.27721      1.04054      0.17258
  44.53389      1.03912      0.15353
  50.49411      1.03490      0.12900
  57.25201      1.02725      0.12652
  64.91435      1.03186      0.10530
  73.60220      1.03356      0.09193
  83.45277      1.03035      0.08282
  94.62171      1.02748      0.06999
 107.28545      1.02748      0.06287
 121.64404      1.02784      0.05626
 137.92432      1.02711      0.04685
 156.38348      1.02756      0.03967
 177.31313      1.02794      0.03355
 201.04391      1.02762      0.02780
 227.95070      1.02777      0.02287
 258.45859      1.02758      0.01707
 293.04950      1.02806      0.01152
 332.26990      1.02691      0.00513
 376.73938      1.02538      0.00027
 427.16046      1.02325     -0.00540
 484.32965      1.01879     -0.01091
 549.15015      1.01358     -0.01613
 622.64587      1.00537     -0.01822
 705.97797      0.99629     -0.01729
 800.46277      0.98919     -0.01156
 907.59308      0.98549     -0.00305
1029.06120      0.98826      0.00753
1166.78600      0.99598      0.01496
1322.94340      1.01103      0.00694
1500.00000      1.00157     -0.00848
