8.00000e-01   2.25411e-08   1.52015e+00
9.60900e-01   1.89745e-08   1.39609e+00
1.15416e+00   1.62193e-08   1.41418e+00
1.38629e+00   1.36252e-08   1.38427e+00
1.66511e+00   1.10196e-08   1.35402e+00
2.00000e+00   9.95482e-09   1.37982e+00
2.40225e+00   8.28985e-09   1.27622e+00
2.88540e+00   6.94622e-09   1.19623e+00
3.46572e+00   6.15518e-09   1.16661e+00
4.16277e+00   5.36064e-09   1.07083e+00
5.00000e+00   4.73094e-09   9.81148e-01
5.26430e+00   4.59585e-09   9.48128e-01
5.96885e+00   4.33298e-09   9.00748e-01
6.76769e+00   3.96010e-09   8.30625e-01
7.67344e+00   3.69495e-09   7.48616e-01
8.70042e+00   3.58825e-09   6.93117e-01
9.86485e+00   3.45855e-09   6.32439e-01
1.11851e+01   3.35748e-09   5.76980e-01
1.26821e+01   3.20594e-09   5.03115e-01
1.43794e+01   3.15659e-09   4.47381e-01
1.63039e+01   3.03789e-09   4.10921e-01
1.84859e+01   2.99788e-09   3.68583e-01
2.09600e+01   2.94280e-09   3.12753e-01
2.37651e+01   2.90884e-09   2.85639e-01
2.69458e+01   2.89392e-09   2.44791e-01
3.05521e+01   2.86843e-09   2.21219e-01
3.46410e+01   2.84847e-09   1.98669e-01
3.92772e+01   2.83027e-09   1.72583e-01
4.45339e+01   2.82639e-09   1.53525e-01
5.04941e+01   2.81492e-09   1.28997e-01
5.72520e+01   2.79412e-09   1.26520e-01
6.49144e+01   2.80665e-09   1.05304e-01
7.36022e+01   2.81129e-09   9.19304e-02
8.34528e+01   2.80254e-09   8.28221e-02
9.46217e+01   2.79475e-09   6.99889e-02
1.07285e+02   2.79475e-09   6.28657e-02
1.21644e+02   2.79573e-09   5.62573e-02
1.37924e+02   2.79374e-09   4.68488e-02
1.56383e+02   2.79496e-09   3.96674e-02
1.77313e+02   2.79600e-09   3.35478e-02
2.01044e+02   2.79511e-09   2.77994e-02
2.27951e+02   2.79552e-09   2.28697e-02
2.58459e+02   2.79501e-09   1.70663e-02
2.93050e+02   2.79634e-09   1.15203e-02
3.32270e+02   2.79319e-09   5.13382e-03
3.76739e+02   2.78903e-09   2.67757e-04
4.27160e+02   2.78324e-09   -5.39585e-03
4.84330e+02   2.77110e-09   -1.09062e-02
5.49150e+02   2.75693e-09   -1.61312e-02
6.22646e+02   2.73460e-09   -1.82204e-02
7.05978e+02   2.70991e-09   -1.72903e-02
8.00463e+02   2.69060e-09   -1.15614e-02
9.07593e+02   2.68052e-09   -3.04516e-03
1.02906e+03   2.68808e-09   7.52786e-03
1.16679e+03   2.70906e-09   1.49649e-02
1.32294e+03   2.74999e-09   6.93936e-03
1.50000e+03   2.72426e-09   -8.47999e-03
