   3.1852257    2.7112179    102.04836
   3.6115217    2.1976845    103.28731
   4.0948715    1.6305237    102.50288
     4.64291    1.5744188    91.879852
   5.2642961    1.3726242    90.608902
   5.9688454    1.2486316    90.491226
   6.7676883    1.0751354    90.964996
   7.6734447   0.92459923    90.295334
   8.7004232   0.84302449    88.993156
   9.8648481   0.75205362    88.049362
   11.185115    0.6742276     87.06337
   12.682079   0.56923103    86.716675
   14.379391   0.50417417    84.731209
   16.303862   0.44677886    86.933968
   18.485897   0.39809781    85.946579
   20.959965   0.33418012     84.94799
    23.76515   0.30246159    85.050438
   26.945768    0.2598559    82.876465
   30.552067    0.2331873    82.887672
   34.641018   0.20839557    82.657104
    39.27721   0.18044159    82.009438
   44.533894   0.16116434    80.394218
   50.494106   0.13570197    78.825157
   57.252007   0.13101181     81.64399
   64.914352   0.11156365    76.448601
   73.602196  0.099273704    72.894264
   83.452774  0.089355998    72.537392
   94.621712  0.076067924    70.838882
   107.28545   0.06938687    68.481995
   121.64404  0.063460782    65.600731
   137.92432  0.054670669    61.622818
   156.38348  0.048745755    56.716797
   177.31313   0.04401755    51.563278
   201.04391  0.039455183    46.381302
    227.9507  0.036172349    40.522049
   258.45859  0.032553941    32.593647
    293.0495  0.030398471    22.929783
    332.2699  0.027408015    11.089985
   376.73938  0.025380528   0.61980569
   427.16046  0.023883665   -13.366207
   484.32965  0.021775255   -30.680649
   549.15015  0.021168722   -50.564693
   622.64587  0.019041497   -74.146431
   705.97797  0.017652489     -102.631
   800.46277  0.015781036   -133.55771
   907.59308  0.014825903   -168.32188
   1029.0612  0.013918324    147.68947
    1166.786  0.015467118    105.50641
   1322.9434  0.013049484    32.522636
        1500 0.0086302469   -79.775024